   3.2317926e-04  -3.3669879e-04  -1.7706712e-01   8.9892551e-02   1.9678464e-01  -1.2695010e-01   2.0024285e-03  -1.6055068e-01   1.8371759e-03  -4.1423998e-01   1.0080441e-02  -8.7528253e-04  -1.3340536e-03  -1.6285712e-01  -7.0875867e-02   6.9347765e-02   1.1746824e-02   4.1146939e-06
  -4.5975873e-05  -9.6777321e-05  -1.2916660e-01  -1.9981237e-01   9.3225203e-02   1.7672029e-01   5.8787497e-06  -2.4588570e-04   1.6053495e-01   8.6063649e-03  -4.1422569e-01  -4.8171249e-05  -8.4782718e-07   1.3212236e-02  -1.4724271e-01  -7.3283027e-04  -6.8488291e-02   1.5131943e-05
   1.2613506e-01  -1.2279772e-01   5.0975828e-04  -2.3930714e-04  -5.6881494e-04   3.5369082e-04   5.7750185e-01   5.5085789e-04  -1.4677499e-05   1.7008492e-03  -2.5596856e-05  -2.9224420e-01  -3.8820099e-01   4.9863000e-04   2.0799893e-04  -2.9322047e-05  -1.9769436e-05  -3.7372924e-06
  -4.0135594e-04  -2.9615807e-04  -1.7687794e-01   8.9796657e-02  -1.9622160e-01   1.2658736e-01  -2.0025820e-03  -1.6055680e-01   1.8372869e-03   4.1424728e-01  -1.0080614e-02  -8.7050550e-04   1.3018215e-03  -1.6287219e-01  -7.0882473e-02  -6.9443683e-02  -1.1763057e-02   4.0339462e-06
   4.3421313e-05  -9.4602125e-05  -1.2916211e-01  -1.9983295e-01  -9.3193251e-02  -1.7672458e-01  -5.8651293e-06  -2.4622230e-04   1.6053737e-01  -8.6064622e-03   4.1422535e-01  -4.7933724e-05  -3.2525302e-07   1.3211251e-02  -1.4723953e-01   7.3040746e-04   6.8495479e-02   1.5148314e-05
  -1.2575992e-01  -1.2263960e-01   4.8951780e-04  -2.2904374e-04   6.4259297e-04  -4.0128956e-04  -5.7750002e-01   5.0448581e-04  -1.4172014e-05  -1.6788383e-03   2.5033643e-05  -2.9231275e-01   3.8808465e-01   4.9072307e-04   2.0470739e-04  -5.5478423e-06   1.3749245e-05  -3.7347993e-06
   3.7703670e-01  -3.7632630e-01   4.1276005e-01  -2.0949121e-01  -4.6360541e-01   2.9903492e-01   2.3230395e-02   1.5159022e-01  -1.7359622e-03   4.5849227e-02  -1.1012072e-03   1.5910821e-01   1.5675396e-01  -1.2560651e-01  -5.4630893e-02   1.2106492e-01   2.0536551e-02  -6.0096774e-06
  -5.0018267e-06  -8.7441493e-06  -4.1334606e-03  -6.3908663e-03   4.6297898e-03   8.7788767e-03  -4.5417804e-06   3.3632691e-04  -2.1950637e-01  -4.5402282e-03   2.1871124e-01   1.2374495e-04  -1.0970860e-04  -4.0561357e-02   4.5196870e-01   5.0627363e-03   4.7438532e-01   4.0823573e-01
  -1.4101999e-01   1.4256455e-01  -1.6223292e-01   8.2338441e-02   1.7883018e-01  -1.1535050e-01   2.3421489e-01   4.9488935e-01  -5.6462711e-03   4.1082678e-01  -9.9610256e-03   3.3610004e-01   3.0346172e-01  -2.1854011e-01  -9.5109847e-02   2.8929932e-01   4.9137749e-02   2.3652783e-06
  -1.8898206e-01   1.8884965e-01   2.3206576e-01   1.5476941e-01  -2.0649479e-01  -1.1439617e-01  -1.0569110e-02   2.0140120e-01   2.9096947e-02   1.7625738e-01  -8.0738521e-02  -7.8111179e-02  -7.6923691e-02   3.6592399e-01  -9.4352400e-02  -3.3395441e-01  -3.1213303e-01   3.5356117e-01
  -3.2656169e-01   3.2631671e-01   4.0662257e-01   2.5603925e-01  -3.6906666e-01  -1.7797555e-01  -1.9489113e-02  -2.9809953e-02  -1.6711758e-01  -7.7228262e-02   8.9996561e-02  -1.3675170e-01  -1.3485879e-01  -2.7308306e-01  -8.9446962e-02   2.6075566e-01   7.3894020e-02  -2.0414258e-01
  -1.3911211e-01   1.4084216e-01   1.8154709e-01   1.1597249e-01  -1.6089575e-01  -8.0370112e-02   2.3463847e-01  -2.4900425e-01   4.3175326e-01  -1.9866506e-01  -3.5065670e-01   3.3667776e-01   3.0373742e-01   9.2966039e-02   2.1935199e-01  -1.4128239e-01   2.2364416e-01  -1.1183009e-03
  -1.8908488e-01   1.8864098e-01  -3.3302979e-02  -2.5573307e-01  -1.1566512e-02   2.5512151e-01  -1.0571278e-02   2.0149746e-01  -3.3706040e-02   1.7308165e-01   7.2214006e-02  -7.7992724e-02  -7.7037256e-02   3.2211601e-01   3.9375586e-01  -3.2849130e-01   1.9972707e-01  -3.5356921e-01
   3.2672936e-01  -3.2597365e-01   4.3603515e-02   4.4042803e-01   4.1516924e-02  -4.4294258e-01   1.9483795e-02   3.0323100e-02  -1.6780766e-01   7.3568333e-02   8.6352236e-02   1.3679332e-01   1.3483707e-01   2.6801309e-01   1.4600446e-01  -2.6012215e-01  -1.4467102e-02  -2.0414542e-01
  -1.3918786e-01   1.4068701e-01  -2.1082341e-02  -1.9748057e-01  -1.5911200e-02   1.9446954e-01   2.3463335e-01  -2.4768786e-01  -4.2605741e-01  -2.1345595e-01   3.6073804e-01   3.3654425e-01   3.0391042e-01   1.2385853e-01  -1.2495772e-01  -1.4657201e-01  -2.7250720e-01   1.1288300e-03
  -3.7568604e-01  -3.7593774e-01   4.1224022e-01  -2.0922768e-01   4.6250502e-01  -2.9832619e-01  -2.3230314e-02   1.5159657e-01  -1.7360259e-03  -4.5855831e-02   1.1013899e-03   1.5914095e-01  -1.5669707e-01  -1.2562582e-01  -5.4639401e-02  -1.2110391e-01  -2.0543094e-02  -6.0359890e-06
   4.7536694e-06  -8.5226077e-06  -4.1333433e-03  -6.3918153e-03  -4.6285530e-03  -8.7791376e-03   4.5209143e-06   3.3656778e-04  -2.1950654e-01   4.5404580e-03  -2.1871130e-01   1.2468302e-04   1.1294225e-04  -4.0555963e-02   4.5194931e-01  -5.0555704e-03  -4.7440729e-01   4.0821516e-01
   1.4051030e-01   1.4242128e-01  -1.6203430e-01   8.2237748e-02  -1.7840015e-01   1.1507353e-01  -2.3422101e-01   4.9487832e-01  -5.6461543e-03  -4.1083112e-01   9.9612156e-03   3.3614143e-01  -3.0337550e-01  -2.1856923e-01  -9.5122750e-02  -2.8939185e-01  -4.9153284e-02   2.3413413e-06
   1.8844449e-01   1.8858145e-01   2.3199455e-01   1.5482460e-01   2.0603969e-01   1.1467269e-01   1.0569323e-02   2.0140110e-01   2.9097160e-02  -1.7626679e-01   8.0739050e-02  -7.8117654e-02   7.6949255e-02   3.6597021e-01  -9.4320401e-02   3.3413575e-01   3.1217617e-01   3.5354336e-01
   3.2564600e-01   3.2584651e-01   4.0648630e-01   2.5614045e-01   3.6824256e-01   1.7847825e-01   1.9488914e-02  -2.9815003e-02  -1.6711709e-01   7.7239226e-02  -8.9996204e-02  -1.3679002e-01   1.3475325e-01  -2.7312588e-01  -8.9467059e-02  -2.6092644e-01  -7.3924520e-02  -2.0413230e-01
   1.3872120e-01   1.4064220e-01   1.8148685e-01   1.1601698e-01   1.6052811e-01   8.0594022e-02  -2.3463838e-01  -2.4901847e-01   4.3175425e-01   1.9862945e-01   3.5065602e-01   3.3675559e-01  -3.0357809e-01   9.2990140e-02   2.1935161e-01   1.4139182e-01  -2.2363426e-01  -1.1182275e-03
   1.8854178e-01   1.8837761e-01  -3.3365034e-02  -2.5572073e-01   1.1177453e-02  -2.5485401e-01   1.0571516e-02   2.0149741e-01  -3.3706283e-02  -1.7309085e-01  -7.2214120e-02  -7.7998310e-02   7.7066115e-02   3.2216815e-01   3.9376702e-01   3.2868022e-01  -1.9970760e-01  -3.5355146e-01
  -3.2580459e-01  -3.2551135e-01   4.3724228e-02   4.4039898e-01  -4.0804407e-02   4.4245496e-01  -1.9483621e-02   3.0328512e-02  -1.6780731e-01  -7.3579189e-02  -8.6351363e-02   1.3683189e-01  -1.3473070e-01   2.6805643e-01   1.4602198e-01   2.6029413e-01   1.4494747e-02  -2.0413514e-01
   1.3879285e-01   1.4049062e-01  -2.1135499e-02  -1.9746759e-01   1.5594002e-02  -1.9425210e-01  -2.3463363e-01  -2.4770185e-01  -4.2605804e-01   2.1341988e-01  -3.6073561e-01   3.3661988e-01  -3.0375417e-01   1.2387778e-01  -1.2493861e-01   1.4667554e-01   2.7253362e-01   1.1287628e-03
