  -5.08250771760000     
  -5.08963153810000     
  -5.09754624220000     
  -5.10620579020000     
  -5.11545941550000     
  -5.12506236410000     
  -5.13467488440000     
  -5.14386675620000     
  -5.15213154250000     
  -5.15897882630000     
  -5.16401609890000     
  -5.16694637760000     
  -5.16756444140000     
  -5.16567925820000     
  -5.16049258920000     
  -5.15058709440000     
  -5.13406310380000     
  -5.10843277770000     
  -5.07051898930000     
  -5.01638757090000     
  -4.94135824520000     
  -4.84018319100000     
  -4.70750817380000     
  -4.53879241550000     
  -4.33183383410000     
  -4.08871357640000     
  -3.81734883990000     
  -3.53394506530000     
  -3.26549120270000     
  -3.04725536050000     
  -2.91546606310000     
  -2.89667631450000     
  -2.99834300240000     
  -3.20574412100000     
  -3.48752288260000     
  -3.80642477020000     
  -4.12911207430000     
  -4.43151014820000     
  -4.69967422610000     
  -4.92798452050000     
  -5.11648426240000     
  -5.26844404640000     
  -5.38856224170000     
  -5.48181836350000     
  -5.55286343340000     
  -5.60578455270000     
  -5.64403092940000     
  -5.67043247570000     
  -5.68727502230000     
  -5.69639336570000     
  -5.69922832840000     
  -5.69655044990000     
  -5.68886492840000     
  -5.67673755270000     
  -5.66086700840000     
  -5.64214725120000     
  -5.62162483680000     
  -5.60034977400000     
  -5.57927029600000     
  -5.55917254740000     
  -5.54062658330000     
  -5.52394636560000     
  -5.50917316180000     
  -5.49608470770000     
  -5.48422548510000     
  -5.47297586230000     
  -5.46182367610000     
  -5.45046149140000     
  -5.43866671610000     
  -5.42626451040000     
  -5.41305024610000     
  -5.39887313420000     
  -5.38367899040000     
  -5.36754379600000     
  -5.35067925500000     
  -5.33333939920000     
  -5.31570913150000     
  -5.29792598330000     
  -5.28014627630000     
  -5.26254029130000     
  -5.24528372090000     
  -5.22856169620000     
  -5.21256157460000     
  -5.19745848950000     
  -5.18339481690000     
  -5.17045778890000     
  -5.15865163540000     
  -5.14787920430000     
  -5.13791909130000     
  -5.12841774340000     
  -5.11904848250000     
  -5.10975863970000     
  -5.10059170530000     
  -5.09159021620000     
  -5.08280022840000     
  -5.07425661790000     
  -5.06599477680000     
  -5.05804037190000     
  -5.05041630740000     
  -5.04313905660000     
  -5.06072211100000     
  -5.06665133150000     
  -5.07270673910000     
  -5.07912317610000     
  -5.08614909090000     
  -5.09393603470000     
  -5.10255154950000     
  -5.11197203160000     
  -5.12209891440000     
  -5.13275605300000     
  -5.14370194530000     
  -5.15463281300000     
  -5.16519229650000     
  -5.17500457620000     
  -5.18375948880000     
  -5.19123829230000     
  -5.19730828970000     
  -5.20192121950000     
  -5.20509499320000     
  -5.20662790640000     
  -5.20602397420000     
  -5.20274371920000     
  -5.19626948980000     
  -5.18619254810000     
  -5.17234998960000     
  -5.15477855070000     
  -5.13376660280000     
  -5.11013443000000     
  -5.08538163400000     
  -5.06169941070000     
  -5.04186154360000     
  -5.02894775530000     
  -5.02590166740000     
  -5.03500282190000     
  -5.05738924240000     
  -5.09280305160000     
  -5.13974619340000     
  -5.19567664010000     
  -5.25735602140000     
  -5.32138935180000     
  -5.38467815640000     
  -5.44470905020000     
  -5.49966268680000     
  -5.54838067670000     
  -5.59024668640000     
  -5.62503303840000     
  -5.65276473220000     
  -5.67366332830000     
  -5.68809022460000     
  -5.69647413330000     
  -5.69922832840000     
  -5.69647412510000     
  -5.68809020770000     
  -5.67366330210000     
  -5.65276469600000     
  -5.62503299180000     
  -5.59024662920000     
  -5.54838060910000     
  -5.49966260940000     
  -5.44470896420000     
  -5.38467806400000     
  -5.32138925620000     
  -5.25735592690000     
  -5.19567655170000     
  -5.13974611600000     
  -5.09280298980000     
  -5.05738919910000     
  -5.03500279860000     
  -5.02590166330000     
  -5.02894776790000     
  -5.04186156870000     
  -5.06169944390000     
  -5.08538167080000     
  -5.11013446660000     
  -5.13376663640000     
  -5.15477857960000     
  -5.17235001310000     
  -5.18619256590000     
  -5.19626950200000     
  -5.20274372630000     
  -5.20602397700000     
  -5.20662790550000     
  -5.20509498960000     
  -5.20192121370000     
  -5.19730828180000     
  -5.19123828220000     
  -5.18375947660000     
  -5.17500456230000     
  -5.16519228120000     
  -5.15463279690000     
  -5.14370192900000     
  -5.13275603690000     
  -5.12209889890000     
  -5.11197201700000     
  -5.10255153600000     
  -5.09393602240000     
  -5.08614907990000     
  -5.07912316620000     
  -5.07270672990000     
  -5.06665132260000     
  -4.99084577270000     
  -4.93440408100000     
  -4.86005876200000     
  -4.76297408830000     
  -4.63529216140000     
  -4.46699672150000     
  -4.24576724160000     
  -3.95615371690000     
  -3.57857851940000     
  -3.08831882520000     
  -2.45476139350000     
  -1.64233960870000     
 -0.617588676400000     
  0.622514969800000     
   1.79229676660000     
   3.01366757470000     
   4.58555451010000     
   6.66556529320000     
   9.35626339980000     
   12.7119938494000     
   17.0626259540000     
   17.0626259540000     
   17.0626259540000     
   16.5853644122000     
   12.2868883117000     
   8.91612217320000     
   6.20952859590000     
   4.12570262360000     
   2.53979061890000     
   1.27148075250000     
  0.124937929000000     
  -1.01059836520000     
  -1.98951277590000     
  -2.76308310990000     
  -3.36858576200000     
  -3.84488078400000     
  -4.22273613650000     
  -4.52545562260000     
  -4.77042334890000     
  -4.97047644620000     
  -5.13501747750000     
  -5.27087831120000     
  -5.38292817190000     
  -5.47396688400000     
  -5.54593274400000     
  -5.60104445750000     
  -5.64153575530000     
  -5.66957551250000     
  -5.68724465090000     
  -5.69651469430000     
  -5.69922832840000     
  -5.69701671730000     
  -5.69110604480000     
  -5.68234113030000     
  -5.67145463170000     
  -5.65918456670000     
  -5.64624337780000     
  -5.63327032450000     
  -5.62078349860000     
  -5.60913954330000     
  -5.59850905220000     
  -5.58887314090000     
  -5.58004178480000     
  -5.57170287050000     
  -5.56348842790000     
  -5.55496590470000     
  -5.54567714040000     
  -5.53518543780000     
  -5.52310138630000     
  -5.50911033940000     
  -5.49299220090000     
  -5.47464016700000     
  -5.45407429970000     
  -5.43145627820000     
  -5.40710469210000     
  -5.38148192350000     
  -5.35511464330000     
  -5.32854873310000     
  -5.30231645050000     
  -5.27691224900000     
  -5.25276427410000     
  -5.23021178070000     
  -5.20949226600000     
  -5.19080336380000     
  -5.17435060390000     
  -5.16000789750000     
  -5.14720869280000     
  -5.13527569480000     
  -5.12390674550000     
  -5.11302751830000     
  -5.10259949720000     
  -5.09260497310000     
  -5.08303861590000     
  -5.07390182990000     
  -5.06520021300000     
  -5.05693768250000     
  -5.04911767680000     
  -5.04174051720000     
  -5.03480194180000     
  -5.02829434490000     
  -5.03622256690000     
  -5.04313906720000     
  -5.05041631850000     
  -5.05804038350000     
  -5.06599478890000     
  -5.07425663050000     
  -5.08280024130000     
  -5.09159022950000     
  -5.10059171880000     
  -5.10975865350000     
  -5.11904849650000     
  -5.12841775740000     
  -5.13791910570000     
  -5.14787921960000     
  -5.15865165220000     
  -5.17045780730000     
  -5.18339483710000     
  -5.19745851120000     
  -5.21256159790000     
  -5.22856172060000     
  -5.24528374630000     
  -5.26254031730000     
  -5.28014630270000     
  -5.29792600980000     
  -5.31570915790000     
  -5.33333942530000     
  -5.35067928060000     
  -5.36754382070000     
  -5.38367901370000     
  -5.39887315610000     
  -5.41305026650000     
  -5.42626452950000     
  -5.43866673400000     
  -5.45046150860000     
  -5.46182369280000     
  -5.47297587890000     
  -5.48422550220000     
  -5.49608472610000     
  -5.50917318250000     
  -5.52394638910000     
  -5.54062660960000     
  -5.55917257630000     
  -5.57927032680000     
  -5.60034980580000     
  -5.62162486820000     
  -5.64214728070000     
  -5.66086703440000     
  -5.67673757370000     
  -5.68886494330000     
  -5.69655045770000     
  -5.69922832840000     
  -5.69639335700000     
  -5.68727500340000     
  -5.67043244400000     
  -5.64403088190000     
  -5.60578448560000     
  -5.55286334200000     
  -5.48181824220000     
  -5.38856208390000     
  -5.26844384490000     
  -5.11648400980000     
  -4.92798421050000     
  -4.69967385560000     
  -4.43150972080000     
  -4.12911160390000     
  -3.80642428490000     
  -3.48752242590000     
  -3.20574374740000     
  -2.99834276590000     
  -2.89667625170000     
  -2.91546617990000     
  -3.04725562960000     
  -3.26549157460000     
  -3.53394548450000     
  -3.81734925860000     
  -4.08871396250000     
  -4.33183417060000     
  -4.53879269520000     
  -4.70750839740000     
  -4.84018336400000     
  -4.94135837520000     
  -5.01638766590000     
  -5.07051905680000     
  -5.10843282420000     
  -5.13406313450000     
  -5.15058711360000     
  -5.16049260010000     
  -5.16567926310000     
  -5.16756444230000     
  -5.16694637490000     
  -5.16401609290000     
  -5.15897881740000     
  -5.15213153110000     
  -5.14386674300000     
  -5.13467487020000     
  -5.12506234970000     
  -5.11545940140000     
  -5.10620577680000     
  -5.09754622980000     
  -5.08963152690000     
  -5.06072211090000     
  -5.06665133150000     
  -5.07270673910000     
  -5.07912317610000     
  -5.08614909090000     
  -5.09393603470000     
  -5.10255154950000     
  -5.11197203160000     
  -5.12209891440000     
  -5.13275605300000     
  -5.14370194530000     
  -5.15463281300000     
  -5.16519229650000     
  -5.17500457620000     
  -5.18375948880000     
  -5.19123829230000     
  -5.19730828970000     
  -5.20192121950000     
  -5.20509499320000     
  -5.20662790640000     
  -5.20602397420000     
  -5.20274371920000     
  -5.19626948980000     
  -5.18619254810000     
  -5.17234998960000     
  -5.15477855070000     
  -5.13376660280000     
  -5.11013443000000     
  -5.08538163400000     
  -5.06169941070000     
  -5.04186154360000     
  -5.02894775530000     
  -5.02590166740000     
  -5.03500282190000     
  -5.05738924240000     
  -5.09280305160000     
  -5.13974619340000     
  -5.19567664010000     
  -5.25735602140000     
  -5.32138935180000     
  -5.38467815640000     
  -5.44470905020000     
  -5.49966268680000     
  -5.54838067670000     
  -5.59024668640000     
  -5.62503303840000     
  -5.65276473220000     
  -5.67366332830000     
  -5.68809022460000     
  -5.69647413330000     
  -5.69922832840000     
  -5.69647412510000     
  -5.68809020770000     
  -5.67366330210000     
  -5.65276469600000     
  -5.62503299180000     
  -5.59024662920000     
  -5.54838060910000     
  -5.49966260940000     
  -5.44470896420000     
  -5.38467806400000     
  -5.32138925620000     
  -5.25735592690000     
  -5.19567655170000     
  -5.13974611600000     
  -5.09280298980000     
  -5.05738919910000     
  -5.03500279860000     
  -5.02590166330000     
  -5.02894776790000     
  -5.04186156870000     
  -5.06169944390000     
  -5.08538167080000     
  -5.11013446660000     
  -5.13376663640000     
  -5.15477857960000     
  -5.17235001310000     
  -5.18619256590000     
  -5.19626950200000     
  -5.20274372630000     
  -5.20602397700000     
  -5.20662790550000     
  -5.20509498960000     
  -5.20192121370000     
  -5.19730828180000     
  -5.19123828220000     
  -5.18375947660000     
  -5.17500456230000     
  -5.16519228120000     
  -5.15463279690000     
  -5.14370192900000     
  -5.13275603690000     
  -5.12209889890000     
  -5.11197201700000     
  -5.10255153600000     
  -5.09393602240000     
  -5.08614907990000     
  -5.07912316620000     
  -5.07270672990000     
  -5.06665132260000     
  -5.02220858430000     
  -5.02829435430000     
  -5.03480195180000     
  -5.04174052790000     
  -5.04911768810000     
  -5.05693769450000     
  -5.06520022560000     
  -5.07390184320000     
  -5.08303862980000     
  -5.09260498770000     
  -5.10259951240000     
  -5.11302753420000     
  -5.12390676210000     
  -5.13527571220000     
  -5.14720871110000     
  -5.16000791760000     
  -5.17435062670000     
  -5.19080339000000     
  -5.20949229540000     
  -5.23021181300000     
  -5.25276430890000     
  -5.27691228610000     
  -5.30231648910000     
  -5.32854877260000     
  -5.35511468290000     
  -5.38148196240000     
  -5.40710472950000     
  -5.43145631330000     
  -5.45407433200000     
  -5.47464019600000     
  -5.49299222650000     
  -5.50911036180000     
  -5.52310140570000     
  -5.53518545450000     
  -5.54567715500000     
  -5.55496591790000     
  -5.56348844030000     
  -5.57170288280000     
  -5.58004179750000     
  -5.58887315460000     
  -5.59850906730000     
  -5.60913955990000     
  -5.62078351670000     
  -5.63327034360000     
  -5.64624339720000     
  -5.65918458570000     
  -5.67145464920000     
  -5.68234114510000     
  -5.69110605600000     
  -5.69701672360000     
  -5.69922832840000     
  -5.69651468580000     
  -5.68724463130000     
  -5.66957547890000     
  -5.64153570470000     
  -5.60104438680000     
  -5.54593264990000     
  -5.47396676300000     
  -5.38292802100000     
  -5.27087812750000     
  -5.13501725510000     
  -4.97047617650000     
  -4.77042302010000     
  -4.52545521820000     
  -4.22273563440000     
  -3.84488015420000     
  -3.36858496470000     
  -2.76308209290000     
  -1.98951147680000     
  -1.01059675160000     
  0.124939634600000     
   1.27148250720000     
   2.53979269400000     
   4.12570532100000     
   6.20953213830000     
   8.91612672250000     
   12.2868939513000     
   16.5853716644000     
   16.5853716644000     
   16.5853716644000     
   17.0626185660000     
   12.7119881785000     
   9.35625900900000     
   6.66556175600000     
   4.58555182140000     
   3.01366553960000     
   1.79229511160000     
  0.622512995000000     
 -0.617590371400000     
  -1.64234097060000     
  -2.45476246170000     
  -3.08831965410000     
  -3.57857915920000     
  -3.95615420850000     
  -4.24576761790000     
  -4.46699700830000     
  -4.63529237920000     
  -4.76297425350000     
  -4.86005888810000     
  -4.93440417760000     
  -5.46498079960000     
  -5.46523288040000     
  -5.46555551760000     
  -5.46596477850000     
  -5.46647423850000     
  -5.46709938370000     
  -5.46784983820000     
  -5.46874329120000     
  -5.46978011950000     
  -5.47097689830000     
  -5.47233440430000     
  -5.47386317420000     
  -5.47556884280000     
  -5.47746265680000     
  -5.47955184990000     
  -5.48184701810000     
  -5.48436242620000     
  -5.48710652440000     
  -5.49008926700000     
  -5.49332149260000     
  -5.49681347020000     
  -5.50056741100000     
  -5.50459231660000     
  -5.50889099930000     
  -5.51346007270000     
  -5.51830256630000     
  -5.52340190190000     
  -5.52876484000000     
  -5.53436152900000     
  -5.54018642410000     
  -5.54621601370000     
  -5.55243210160000     
  -5.55880278040000     
  -5.56530643110000     
  -5.57191829700000     
  -5.57860721100000     
  -5.58536340950000     
  -5.59235361480000     
  -5.59986896100000     
  -5.60810172550000     
  -5.61713722920000     
  -5.62694958610000     
  -5.63740351970000     
  -5.64826181260000     
  -5.65918643570000     
  -5.66974230900000     
  -5.67940384180000     
  -5.68761352090000     
  -5.69389124970000     
  -5.69785627660000     
  -5.69922832840000     
  -5.69780757040000     
  -5.69307536630000     
  -5.68378041050000     
  -5.66818853440000     
  -5.64401324550000     
  -5.60831235780000     
  -5.55737659810000     
  -5.48669078210000     
  -5.39100914920000     
  -5.26462062250000     
  -5.10197510430000     
  -4.89881902830000     
  -4.65397154640000     
  -4.37175484400000     
  -4.06469128230000     
  -3.75542697860000     
  -3.47614287920000     
  -3.26368508190000     
  -3.15032327520000     
  -3.15334928930000     
  -3.26907987240000     
  -3.47487012410000     
  -3.73747603650000     
  -4.02264771070000     
  -4.30200872420000     
  -4.55626192330000     
  -4.77531030070000     
  -4.95636392220000     
  -5.10135591030000     
  -5.21467164540000     
  -5.30156186240000     
  -5.36720014070000     
  -5.41620972480000     
  -5.45249092430000     
  -5.47921418700000     
  -5.49888561010000     
  -5.51344106940000     
  -5.52435249970000     
  -5.53248263700000     
  -5.53807242640000     
  -5.54135438180000     
  -5.54263552810000     
  -5.54230326000000     
  -5.54082505420000     
  -5.53868518020000     
  -5.53628630280000     
  -5.53393990930000     
  -5.53186770920000     
  -5.53019980870000     
  -5.46820358730000     
  -5.46907848380000     
  -5.47010935310000     
  -5.47130001480000     
  -5.47265556680000     
  -5.47417596430000     
  -5.47585976710000     
  -5.47771235690000     
  -5.47973682600000     
  -5.48193528640000     
  -5.48431509810000     
  -5.48688206990000     
  -5.48964217040000     
  -5.49260132430000     
  -5.49576319210000     
  -5.49913486790000     
  -5.50272319310000     
  -5.50652876910000     
  -5.51056048360000     
  -5.51481600830000     
  -5.51930525080000     
  -5.52402458470000     
  -5.52898018170000     
  -5.53418558360000     
  -5.53976937640000     
  -5.54588662870000     
  -5.55263872920000     
  -5.56006513490000     
  -5.56815105540000     
  -5.57683996540000     
  -5.58603197870000     
  -5.59560106980000     
  -5.60539726040000     
  -5.61525525850000     
  -5.62500502470000     
  -5.63448040610000     
  -5.64352180260000     
  -5.65199231500000     
  -5.65978743240000     
  -5.66684080210000     
  -5.67312276110000     
  -5.67863042190000     
  -5.68338081220000     
  -5.68740807250000     
  -5.69075724340000     
  -5.69347796080000     
  -5.69562040850000     
  -5.69723148060000     
  -5.69835139040000     
  -5.69901069130000     
  -5.69922832840000     
  -5.69901069060000     
  -5.69835138910000     
  -5.69723147850000     
  -5.69562040570000     
  -5.69347795720000     
  -5.69075723890000     
  -5.68740806700000     
  -5.68338080570000     
  -5.67863041430000     
  -5.67312275230000     
  -5.66684079220000     
  -5.65978742130000     
  -5.65199230280000     
  -5.64352178950000     
  -5.63448039230000     
  -5.62500501030000     
  -5.61525524390000     
  -5.60539724570000     
  -5.59560105530000     
  -5.58603196470000     
  -5.57683995210000     
  -5.56815104280000     
  -5.56006512330000     
  -5.55263871870000     
  -5.54588661910000     
  -5.53976936770000     
  -5.53418557560000     
  -5.52898017420000     
  -5.52402457750000     
  -5.51930524390000     
  -5.51481600180000     
  -5.51056047740000     
  -5.50652876330000     
  -5.50272318760000     
  -5.49913486270000     
  -5.49576318720000     
  -5.49260131970000     
  -5.48964216620000     
  -5.48688206590000     
  -5.48431509440000     
  -5.48193528300000     
  -5.47973682290000     
  -5.47771235410000     
  -5.47585976450000     
  -5.47417596190000     
  -5.47265556470000     
  -5.47130001290000     
  -5.47010935150000     
  -5.46907848240000     
  -5.42708606940000     
  -5.42652220870000     
  -5.42565169740000     
  -5.42443027270000     
  -5.42287266410000     
  -5.42106119180000     
  -5.41911523460000     
  -5.41718866450000     
  -5.41545682100000     
  -5.41409966350000     
  -5.41329095290000     
  -5.41319660470000     
  -5.41397276730000     
  -5.41575056140000     
  -5.41862325350000     
  -5.42269983780000     
  -5.42815869270000     
  -5.43511451850000     
  -5.44358928010000     
  -5.45352911390000     
  -5.46482375130000     
  -5.47731128330000     
  -5.49077124630000     
  -5.50494484990000     
  -5.51954158330000     
  -5.53425259320000     
  -5.54876206300000     
  -5.56276389270000     
  -5.57598611380000     
  -5.58822702170000     
  -5.59937124740000     
  -5.60939411510000     
  -5.61834706810000     
  -5.62633124950000     
  -5.63348371920000     
  -5.63996477240000     
  -5.64594098590000     
  -5.65157108600000     
  -5.65698750700000     
  -5.66227771260000     
  -5.66748851050000     
  -5.67261514510000     
  -5.67757657450000     
  -5.68221413290000     
  -5.68639548070000     
  -5.69007269080000     
  -5.69320949610000     
  -5.69575068620000     
  -5.69763738240000     
  -5.69881953760000     
  -5.69922832840000     
  -5.69879397320000     
  -5.69745000400000     
  -5.69513370070000     
  -5.69180266450000     
  -5.68743204540000     
  -5.68202692930000     
  -5.67562138460000     
  -5.66829931920000     
  -5.66018178910000     
  -5.65144448680000     
  -5.64227850480000     
  -5.63288455040000     
  -5.62345615940000     
  -5.61417668650000     
  -5.60520481550000     
  -5.59667046220000     
  -5.58866504570000     
  -5.58123092070000     
  -5.57436082400000     
  -5.56798190110000     
  -5.56195795520000     
  -5.55611905620000     
  -5.55040182640000     
  -5.54481695890000     
  -5.53937834170000     
  -5.53409951670000     
  -5.52899452660000     
  -5.52407444390000     
  -5.51935138520000     
  -5.51483363130000     
  -5.51053015280000     
  -5.50644500400000     
  -5.50258365360000     
  -5.49894714070000     
  -5.49553444300000     
  -5.49234594710000     
  -5.48937518750000     
  -5.48661879310000     
  -5.48407126670000     
  -5.48172056200000     
  -5.47956776900000     
  -5.47759188920000     
  -5.47579943360000     
  -5.47416994280000     
  -5.47270456640000     
  -5.47139526730000     
  -5.47023155770000     
  -5.46921532520000     
  -5.46833198220000     
  -5.47151600990000     
  -5.46974644910000     
  -5.46757214920000     
  -5.46496709550000     
  -5.46192092500000     
  -5.45844590250000     
  -5.45460348860000     
  -5.45055731460000     
  -5.44671141330000     
  -5.44387550140000     
  -5.44302229000000     
  -5.44427598590000     
  -5.44671421670000     
  -5.44984532050000     
  -5.45369136280000     
  -5.45833839830000     
  -5.46385058010000     
  -5.47025384660000     
  -5.47754388190000     
  -5.48568113190000     
  -5.49459401850000     
  -5.50417997910000     
  -5.51430188350000     
  -5.52479587840000     
  -5.53547377370000     
  -5.54614933760000     
  -5.55666695530000     
  -5.56690681260000     
  -5.57678224430000     
  -5.58623661780000     
  -5.59524063300000     
  -5.60378884510000     
  -5.61189383120000     
  -5.61957334830000     
  -5.62681263920000     
  -5.63361434910000     
  -5.64001927310000     
  -5.64609629620000     
  -5.65192636980000     
  -5.65758460150000     
  -5.66312400360000     
  -5.66856129830000     
  -5.67386912600000     
  -5.67897612210000     
  -5.68377503570000     
  -5.68813652000000     
  -5.69192526110000     
  -5.69501650470000     
  -5.69730939330000     
  -5.69873491260000     
  -5.69922832840000     
  -5.69869928940000     
  -5.69706958600000     
  -5.69428286560000     
  -5.69031175920000     
  -5.68516330660000     
  -5.67889019410000     
  -5.67159300760000     
  -5.66342783010000     
  -5.65460264270000     
  -5.64534305580000     
  -5.63587444510000     
  -5.62640694820000     
  -5.61713713370000     
  -5.60822544640000     
  -5.59979254150000     
  -5.59191582510000     
  -5.58461605540000     
  -5.57785071990000     
  -5.57151116560000     
  -5.56541780640000     
  -5.55943631050000     
  -5.55355913890000     
  -5.54780606490000     
  -5.54218881180000     
  -5.53673079800000     
  -5.53144207390000     
  -5.52634227930000     
  -5.52144021760000     
  -5.51675009690000     
  -5.51228068690000     
  -5.50803632680000     
  -5.50402344640000     
  -5.50024383480000     
  -5.49669857450000     
  -5.49338455510000     
  -5.49029741110000     
  -5.48743439920000     
  -5.48478745110000     
  -5.48234836220000     
  -5.48010751530000     
  -5.47806261230000     
  -5.47619597650000     
  -5.47450698910000     
  -5.47298344330000     
  -5.47162230700000     
  -5.47041531860000     
  -5.46935481820000     
  -5.46843935170000     
  -5.46765483500000     
  -5.49648543640000     
  -5.49349680020000     
  -5.48880915440000     
  -5.48158657890000     
  -5.47027629940000     
  -5.45128589490000     
  -5.41777130960000     
  -5.35728538020000     
  -5.24755857310000     
  -5.04899331420000     
  -4.69133443260000     
  -4.04999712280000     
  -2.90402912040000     
 -0.861507964500000     
   2.77287781870000     
   9.23301525960000     
   9.23301525960000     
   9.23301525960000     
   14.1006609952000     
   5.53712835430000     
  0.724357548700000     
  -1.97492256960000     
  -3.48287489670000     
  -4.31893873870000     
  -4.77585342800000     
  -5.01885048350000     
  -5.14153190910000     
  -5.19730141170000     
  -5.21701772090000     
  -5.21892980400000     
  -5.21428153390000     
  -5.21039473340000     
  -5.21205525840000     
  -5.22226272090000     
  -5.24268244040000     
  -5.27344391450000     
  -5.31316319000000     
  -5.35933830340000     
  -5.40888770680000     
  -5.45872598040000     
  -5.50620784170000     
  -5.54936296370000     
  -5.58695960450000     
  -5.61844846980000     
  -5.64382837320000     
  -5.66348143620000     
  -5.67801634210000     
  -5.68815253160000     
  -5.69462670420000     
  -5.69812757630000     
  -5.69922832840000     
  -5.69813009150000     
  -5.69490359660000     
  -5.68968808860000     
  -5.68270243410000     
  -5.67424889680000     
  -5.66472003700000     
  -5.65454770750000     
  -5.64412885780000     
  -5.63380374690000     
  -5.62384419860000     
  -5.61445034150000     
  -5.60574020660000     
  -5.59774733060000     
  -5.59041420160000     
  -5.58358473560000     
  -5.57701360000000     
  -5.57052285980000     
  -5.56410973720000     
  -5.55779404140000     
  -5.55160309040000     
  -5.54556240210000     
  -5.53969124740000     
  -5.53401576880000     
  -5.52854734690000     
  -5.52330869910000     
  -5.51830868170000     
  -5.51355899060000     
  -5.50906536740000     
  -5.50482896420000     
  -5.50085866000000     
  -5.49714209400000     
  -5.49368428840000     
  -5.49047268410000     
  -5.48750641540000     
  -5.48477119000000     
  -5.48225937590000     
  -5.47996192340000     
  -5.47786634950000     
  -5.47596311410000     
  -5.47424398640000     
  -5.47269953960000     
  -5.47132265310000     
  -5.47010620950000     
  -5.46904175710000     
  -5.46812769460000     
  -5.46734686290000     
  -5.46669762870000     
  -5.46616194830000     
  -5.46572934460000     
  -5.42708224640000     
  -5.42651829380000     
  -5.42564775120000     
  -5.42442634600000     
  -5.42286880160000     
  -5.42105743460000     
  -5.41911162210000     
  -5.41718523420000     
  -5.41545360790000     
  -5.41409669800000     
  -5.41328825860000     
  -5.41319419840000     
  -5.41397065640000     
  -5.41574874070000     
  -5.41862169930000     
  -5.42269845590000     
  -5.42815734350000     
  -5.43511307090000     
  -5.44358761770000     
  -5.45352713990000     
  -5.46482139310000     
  -5.47730849410000     
  -5.49076800840000     
  -5.50494117640000     
  -5.51953752000000     
  -5.53424821750000     
  -5.54875748280000     
  -5.56275924350000     
  -5.57598153960000     
  -5.58822265670000     
  -5.59936721320000     
  -5.60939051830000     
  -5.61834399720000     
  -5.62632877020000     
  -5.63348187570000     
  -5.63996358580000     
  -5.64594045260000     
  -5.65157118070000     
  -5.65698821420000     
  -5.66227900290000     
  -5.66749031340000     
  -5.67261735140000     
  -5.67757903380000     
  -5.68221668450000     
  -5.68639796460000     
  -5.69007496430000     
  -5.69321144730000     
  -5.69575221990000     
  -5.69763845330000     
  -5.69882010550000     
  -5.69922832840000     
  -5.69879336410000     
  -5.69744875950000     
  -5.69513181900000     
  -5.69180016500000     
  -5.68742897280000     
  -5.68202335660000     
  -5.67561741430000     
  -5.66829507740000     
  -5.66017743170000     
  -5.65144018270000     
  -5.64227440400000     
  -5.63288078510000     
  -5.62345283790000     
  -5.61417389110000     
  -5.60520259870000     
  -5.59666884730000     
  -5.58866402300000     
  -5.58123044910000     
  -5.57436083010000     
  -5.56798227750000     
  -5.56195856400000     
  -5.55611979210000     
  -5.55040267030000     
  -5.54481790330000     
  -5.53937937990000     
  -5.53410064330000     
  -5.52899573640000     
  -5.52407573220000     
  -5.51935274750000     
  -5.51483506290000     
  -5.51053165010000     
  -5.50644656160000     
  -5.50258526850000     
  -5.49894880730000     
  -5.49553615810000     
  -5.49234770580000     
  -5.48937698510000     
  -5.48662062730000     
  -5.48407313110000     
  -5.48172245560000     
  -5.47956968640000     
  -5.47759382730000     
  -5.47580139130000     
  -5.47417191320000     
  -5.47270655250000     
  -5.47139726240000     
  -5.47023356310000     
  -5.46921733700000     
  -5.46833399880000     
  -5.47151600990000     
  -5.46974644910000     
  -5.46757214920000     
  -5.46496709550000     
  -5.46192092500000     
  -5.45844590250000     
  -5.45460348860000     
  -5.45055731460000     
  -5.44671141330000     
  -5.44387550140000     
  -5.44302229000000     
  -5.44427598590000     
  -5.44671421670000     
  -5.44984532050000     
  -5.45369136280000     
  -5.45833839830000     
  -5.46385058010000     
  -5.47025384660000     
  -5.47754388190000     
  -5.48568113190000     
  -5.49459401850000     
  -5.50417997910000     
  -5.51430188350000     
  -5.52479587840000     
  -5.53547377370000     
  -5.54614933760000     
  -5.55666695530000     
  -5.56690681260000     
  -5.57678224430000     
  -5.58623661780000     
  -5.59524063300000     
  -5.60378884510000     
  -5.61189383120000     
  -5.61957334830000     
  -5.62681263920000     
  -5.63361434910000     
  -5.64001927310000     
  -5.64609629620000     
  -5.65192636980000     
  -5.65758460150000     
  -5.66312400360000     
  -5.66856129830000     
  -5.67386912600000     
  -5.67897612210000     
  -5.68377503570000     
  -5.68813652000000     
  -5.69192526110000     
  -5.69501650470000     
  -5.69730939330000     
  -5.69873491260000     
  -5.69922832840000     
  -5.69869928940000     
  -5.69706958600000     
  -5.69428286560000     
  -5.69031175920000     
  -5.68516330660000     
  -5.67889019410000     
  -5.67159300760000     
  -5.66342783010000     
  -5.65460264270000     
  -5.64534305580000     
  -5.63587444510000     
  -5.62640694820000     
  -5.61713713370000     
  -5.60822544640000     
  -5.59979254150000     
  -5.59191582510000     
  -5.58461605540000     
  -5.57785071990000     
  -5.57151116560000     
  -5.56541780640000     
  -5.55943631050000     
  -5.55355913890000     
  -5.54780606490000     
  -5.54218881180000     
  -5.53673079800000     
  -5.53144207390000     
  -5.52634227930000     
  -5.52144021760000     
  -5.51675009690000     
  -5.51228068690000     
  -5.50803632680000     
  -5.50402344640000     
  -5.50024383480000     
  -5.49669857450000     
  -5.49338455510000     
  -5.49029741110000     
  -5.48743439920000     
  -5.48478745110000     
  -5.48234836220000     
  -5.48010751530000     
  -5.47806261230000     
  -5.47619597650000     
  -5.47450698910000     
  -5.47298344330000     
  -5.47162230700000     
  -5.47041531860000     
  -5.46935481820000     
  -5.46843935170000     
  -5.46765483500000     
  -5.46538457700000     
  -5.46572934510000     
  -5.46616194900000     
  -5.46669762960000     
  -5.46734686390000     
  -5.46812769590000     
  -5.46904175860000     
  -5.47010621120000     
  -5.47132265500000     
  -5.47269954180000     
  -5.47424398880000     
  -5.47596311680000     
  -5.47786635240000     
  -5.47996192660000     
  -5.48225937950000     
  -5.48477119390000     
  -5.48750641960000     
  -5.49047268870000     
  -5.49368429340000     
  -5.49714209930000     
  -5.50085866570000     
  -5.50482897030000     
  -5.50906537400000     
  -5.51355899750000     
  -5.51830868900000     
  -5.52330870680000     
  -5.52854735490000     
  -5.53401577710000     
  -5.53969125600000     
  -5.54556241100000     
  -5.55160309960000     
  -5.55779405070000     
  -5.56410974670000     
  -5.57052286940000     
  -5.57701360970000     
  -5.58358474550000     
  -5.59041421210000     
  -5.59774734200000     
  -5.60574021900000     
  -5.61445035500000     
  -5.62384421310000     
  -5.63380376210000     
  -5.64412887330000     
  -5.65454772290000     
  -5.66472005180000     
  -5.67424891030000     
  -5.68270244570000     
  -5.68968809780000     
  -5.69490360290000     
  -5.69813009480000     
  -5.69922832840000     
  -5.69812757300000     
  -5.69462669700000     
  -5.68815251940000     
  -5.67801632390000     
  -5.66348141090000     
  -5.64382833980000     
  -5.61844842750000     
  -5.58695955290000     
  -5.54936290330000     
  -5.50620777380000     
  -5.45872590730000     
  -5.40888763200000     
  -5.35933823130000     
  -5.31316312530000     
  -5.27344386140000     
  -5.24268240210000     
  -5.22226269830000     
  -5.21205525020000     
  -5.21039473590000     
  -5.21428154170000     
  -5.21892980820000     
  -5.21701770820000     
  -5.19730136120000     
  -5.14153178590000     
  -5.01885022820000     
  -4.77585293670000     
  -4.31893782870000     
  -3.48287324470000     
  -1.97491960260000     
  0.724362847800000     
   5.53713779180000     
   14.1006777776000     
   14.1006777776000     
   14.1006777776000     
   9.23300260320000     
   2.77287069600000     
 -0.861511969600000     
  -2.90403136950000     
  -4.04999838310000     
  -4.69133513670000     
  -5.04899370590000     
  -5.24755879000000     
  -5.35728549980000     
  -5.41777137560000     
  -5.45128593180000     
  -5.47027632070000     
  -5.48158659210000     
  -5.48880916310000     
  -5.49349680580000     
  -5.42708224640000     
  -5.42651829380000     
  -5.42564775120000     
  -5.42442634600000     
  -5.42286880160000     
  -5.42105743460000     
  -5.41911162210000     
  -5.41718523420000     
  -5.41545360790000     
  -5.41409669800000     
  -5.41328825860000     
  -5.41319419840000     
  -5.41397065640000     
  -5.41574874070000     
  -5.41862169930000     
  -5.42269845590000     
  -5.42815734350000     
  -5.43511307090000     
  -5.44358761770000     
  -5.45352713990000     
  -5.46482139310000     
  -5.47730849410000     
  -5.49076800840000     
  -5.50494117640000     
  -5.51953752000000     
  -5.53424821750000     
  -5.54875748280000     
  -5.56275924350000     
  -5.57598153960000     
  -5.58822265670000     
  -5.59936721320000     
  -5.60939051830000     
  -5.61834399720000     
  -5.62632877020000     
  -5.63348187570000     
  -5.63996358580000     
  -5.64594045260000     
  -5.65157118070000     
  -5.65698821420000     
  -5.66227900290000     
  -5.66749031340000     
  -5.67261735140000     
  -5.67757903380000     
  -5.68221668450000     
  -5.68639796460000     
  -5.69007496430000     
  -5.69321144730000     
  -5.69575221990000     
  -5.69763845330000     
  -5.69882010550000     
  -5.69922832840000     
  -5.69879336410000     
  -5.69744875950000     
  -5.69513181900000     
  -5.69180016500000     
  -5.68742897280000     
  -5.68202335660000     
  -5.67561741430000     
  -5.66829507740000     
  -5.66017743170000     
  -5.65144018270000     
  -5.64227440400000     
  -5.63288078510000     
  -5.62345283790000     
  -5.61417389110000     
  -5.60520259870000     
  -5.59666884730000     
  -5.58866402300000     
  -5.58123044910000     
  -5.57436083010000     
  -5.56798227750000     
  -5.56195856400000     
  -5.55611979210000     
  -5.55040267030000     
  -5.54481790330000     
  -5.53937937990000     
  -5.53410064330000     
  -5.52899573640000     
  -5.52407573220000     
  -5.51935274750000     
  -5.51483506290000     
  -5.51053165010000     
  -5.50644656160000     
  -5.50258526850000     
  -5.49894880730000     
  -5.49553615810000     
  -5.49234770580000     
  -5.48937698510000     
  -5.48662062730000     
  -5.48407313110000     
  -5.48172245560000     
  -5.47956968640000     
  -5.47759382730000     
  -5.47580139130000     
  -5.47417191320000     
  -5.47270655250000     
  -5.47139726240000     
  -5.47023356310000     
  -5.46921733700000     
  -5.46833399880000     
  -5.52897359800000     
  -5.53019981090000     
  -5.53186771200000     
  -5.53393991260000     
  -5.53628630640000     
  -5.53868518370000     
  -5.54082505700000     
  -5.54230326150000     
  -5.54263552750000     
  -5.54135437840000     
  -5.53807241980000     
  -5.53248262680000     
  -5.52435248560000     
  -5.51344105080000     
  -5.49888558500000     
  -5.47921415290000     
  -5.45249087810000     
  -5.41620966210000     
  -5.36720005630000     
  -5.30156175000000     
  -5.21467149760000     
  -5.10135571910000     
  -4.95636368020000     
  -4.77531000260000     
  -4.55626156920000     
  -4.30200832300000     
  -4.02264728410000     
  -3.73747562040000     
  -3.47486976630000     
  -3.26907962540000     
  -3.15334919730000     
  -3.15032335920000     
  -3.26368533130000     
  -3.47614325470000     
  -3.75542742600000     
  -4.06469174840000     
  -4.37175528740000     
  -4.65397194110000     
  -4.89881936230000     
  -5.10197537610000     
  -5.26462083650000     
  -5.39100931320000     
  -5.48669090470000     
  -5.55737668750000     
  -5.60831242130000     
  -5.64401328920000     
  -5.66818856340000     
  -5.68378042860000     
  -5.69307537630000     
  -5.69780757480000     
  -5.69922832840000     
  -5.69785627260000     
  -5.69389124200000     
  -5.68761351000000     
  -5.67940382840000     
  -5.66974229380000     
  -5.65918641950000     
  -5.64826179630000     
  -5.63740350370000     
  -5.62694957100000     
  -5.61713721520000     
  -5.60810171260000     
  -5.59986894930000     
  -5.59235360410000     
  -5.58536339940000     
  -5.57860720100000     
  -5.57191828710000     
  -5.56530642130000     
  -5.55880277080000     
  -5.55243209230000     
  -5.54621600460000     
  -5.54018641520000     
  -5.53436152050000     
  -5.52876483180000     
  -5.52340189410000     
  -5.51830255890000     
  -5.51346006570000     
  -5.50889099270000     
  -5.50459231040000     
  -5.50056740520000     
  -5.49681346480000     
  -5.49332148750000     
  -5.49008926230000     
  -5.48710652010000     
  -5.48436242230000     
  -5.48184701460000     
  -5.47955184660000     
  -5.47746265380000     
  -5.47556884010000     
  -5.47386317180000     
  -5.47233440220000     
  -5.47097689640000     
  -5.46978011790000     
  -5.46874328970000     
  -5.46784983700000     
  -5.46709938260000     
  -5.46647423760000     
  -5.46596477790000     
  -5.46555551710000     
  -5.46523287990000     
  -5.46820358730000     
  -5.46907848380000     
  -5.47010935310000     
  -5.47130001480000     
  -5.47265556680000     
  -5.47417596430000     
  -5.47585976710000     
  -5.47771235690000     
  -5.47973682600000     
  -5.48193528640000     
  -5.48431509810000     
  -5.48688206990000     
  -5.48964217040000     
  -5.49260132430000     
  -5.49576319210000     
  -5.49913486790000     
  -5.50272319310000     
  -5.50652876910000     
  -5.51056048360000     
  -5.51481600830000     
  -5.51930525080000     
  -5.52402458470000     
  -5.52898018170000     
  -5.53418558360000     
  -5.53976937640000     
  -5.54588662870000     
  -5.55263872920000     
  -5.56006513490000     
  -5.56815105540000     
  -5.57683996540000     
  -5.58603197870000     
  -5.59560106980000     
  -5.60539726040000     
  -5.61525525850000     
  -5.62500502470000     
  -5.63448040610000     
  -5.64352180260000     
  -5.65199231500000     
  -5.65978743240000     
  -5.66684080210000     
  -5.67312276110000     
  -5.67863042190000     
  -5.68338081220000     
  -5.68740807250000     
  -5.69075724340000     
  -5.69347796080000     
  -5.69562040850000     
  -5.69723148060000     
  -5.69835139040000     
  -5.69901069130000     
  -5.69922832840000     
  -5.69901069060000     
  -5.69835138910000     
  -5.69723147850000     
  -5.69562040570000     
  -5.69347795720000     
  -5.69075723890000     
  -5.68740806700000     
  -5.68338080570000     
  -5.67863041430000     
  -5.67312275230000     
  -5.66684079220000     
  -5.65978742130000     
  -5.65199230280000     
  -5.64352178950000     
  -5.63448039230000     
  -5.62500501030000     
  -5.61525524390000     
  -5.60539724570000     
  -5.59560105530000     
  -5.58603196470000     
  -5.57683995210000     
  -5.56815104280000     
  -5.56006512330000     
  -5.55263871870000     
  -5.54588661910000     
  -5.53976936770000     
  -5.53418557560000     
  -5.52898017420000     
  -5.52402457750000     
  -5.51930524390000     
  -5.51481600180000     
  -5.51056047740000     
  -5.50652876330000     
  -5.50272318760000     
  -5.49913486270000     
  -5.49576318720000     
  -5.49260131970000     
  -5.48964216620000     
  -5.48688206590000     
  -5.48431509440000     
  -5.48193528300000     
  -5.47973682290000     
  -5.47771235410000     
  -5.47585976450000     
  -5.47417596190000     
  -5.47265556470000     
  -5.47130001290000     
  -5.47010935150000     
  -5.46907848240000     
  -5.46757987860000     
  -5.46833198340000     
  -5.46921532660000     
  -5.47023155930000     
  -5.47139526920000     
  -5.47270456850000     
  -5.47416994510000     
  -5.47579943610000     
  -5.47759189200000     
  -5.47956777200000     
  -5.48172056540000     
  -5.48407127030000     
  -5.48661879700000     
  -5.48937519170000     
  -5.49234595170000     
  -5.49553444790000     
  -5.49894714600000     
  -5.50258365920000     
  -5.50644500990000     
  -5.51053015910000     
  -5.51483363790000     
  -5.51935139210000     
  -5.52407445110000     
  -5.52899453410000     
  -5.53409952440000     
  -5.53937834970000     
  -5.54481696710000     
  -5.55040183480000     
  -5.55611906480000     
  -5.56195796400000     
  -5.56798191020000     
  -5.57436083380000     
  -5.58123093130000     
  -5.58866505720000     
  -5.59667047450000     
  -5.60520482860000     
  -5.61417670010000     
  -5.62345617340000     
  -5.63288456450000     
  -5.64227851870000     
  -5.65144450010000     
  -5.66018180170000     
  -5.66829933070000     
  -5.67562139490000     
  -5.68202693810000     
  -5.68743205270000     
  -5.69180267020000     
  -5.69513370490000     
  -5.69745000670000     
  -5.69879397450000     
  -5.69922832840000     
  -5.69881953640000     
  -5.69763738010000     
  -5.69575068290000     
  -5.69320949180000     
  -5.69007268570000     
  -5.68639547480000     
  -5.68221412630000     
  -5.67757656730000     
  -5.67261513760000     
  -5.66748850280000     
  -5.66227770480000     
  -5.65698749910000     
  -5.65157107780000     
  -5.64594097730000     
  -5.63996476320000     
  -5.63348370910000     
  -5.62633123820000     
  -5.61834705550000     
  -5.60939410100000     
  -5.59937123170000     
  -5.58822700430000     
  -5.57598609480000     
  -5.56276387240000     
  -5.54876204170000     
  -5.53425257140000     
  -5.51954156140000     
  -5.50494482830000     
  -5.49077122560000     
  -5.47731126390000     
  -5.46482373350000     
  -5.45352909800000     
  -5.44358926630000     
  -5.43511450700000     
  -5.42815868350000     
  -5.42269983070000     
  -5.41862324830000     
  -5.41575055800000     
  -5.41397276550000     
  -5.41319660420000     
  -5.41329095360000     
  -5.41409966510000     
  -5.41545682330000     
  -5.41718866730000     
  -5.41911523750000     
  -5.42106119460000     
  -5.42287266660000     
  -5.42443027480000     
  -5.42565169890000     
  -5.42652220970000     
  -5.46699682740000     
  -5.46765483610000     
  -5.46843935300000     
  -5.46935481960000     
  -5.47041532030000     
  -5.47162230890000     
  -5.47298344550000     
  -5.47450699150000     
  -5.47619597910000     
  -5.47806261520000     
  -5.48010751850000     
  -5.48234836570000     
  -5.48478745490000     
  -5.48743440330000     
  -5.49029741550000     
  -5.49338455990000     
  -5.49669857960000     
  -5.50024384030000     
  -5.50402345220000     
  -5.50803633300000     
  -5.51228069340000     
  -5.51675010370000     
  -5.52144022480000     
  -5.52634228670000     
  -5.53144208170000     
  -5.53673080600000     
  -5.54218882000000     
  -5.54780607340000     
  -5.55355914760000     
  -5.55943631930000     
  -5.56541781540000     
  -5.57151117480000     
  -5.57785072960000     
  -5.58461606580000     
  -5.59191583640000     
  -5.59979255360000     
  -5.60822545940000     
  -5.61713714730000     
  -5.62640696220000     
  -5.63587445930000     
  -5.64534306980000     
  -5.65460265620000     
  -5.66342784280000     
  -5.67159301920000     
  -5.67889020420000     
  -5.68516331520000     
  -5.69031176600000     
  -5.69428287060000     
  -5.69706958930000     
  -5.69869929100000     
  -5.69922832840000     
  -5.69873491120000     
  -5.69730939050000     
  -5.69501650070000     
  -5.69192525600000     
  -5.68813651390000     
  -5.68377502890000     
  -5.67897611470000     
  -5.67386911820000     
  -5.66856129030000     
  -5.66312399540000     
  -5.65758459320000     
  -5.65192636120000     
  -5.64609628730000     
  -5.64001926380000     
  -5.63361433930000     
  -5.62681262870000     
  -5.61957333720000     
  -5.61189381940000     
  -5.60378883270000     
  -5.59524061990000     
  -5.58623660410000     
  -5.57678222980000     
  -5.56690679760000     
  -5.55666693980000     
  -5.54614932170000     
  -5.53547375770000     
  -5.52479586260000     
  -5.51430186810000     
  -5.50417996440000     
  -5.49459400460000     
  -5.48568111920000     
  -5.47754387030000     
  -5.47025383640000     
  -5.46385057120000     
  -5.45833839070000     
  -5.45369135650000     
  -5.44984531530000     
  -5.44671421260000     
  -5.44427598290000     
  -5.44302228960000     
  -5.44387550430000     
  -5.44671141860000     
  -5.45055732070000     
  -5.45460349450000     
  -5.45844590800000     
  -5.46192092990000     
  -5.46496709970000     
  -5.46757215270000     
  -5.46974645210000     
  -5.46538457700000     
  -5.46572934510000     
  -5.46616194900000     
  -5.46669762960000     
  -5.46734686390000     
  -5.46812769590000     
  -5.46904175860000     
  -5.47010621120000     
  -5.47132265500000     
  -5.47269954180000     
  -5.47424398880000     
  -5.47596311680000     
  -5.47786635240000     
  -5.47996192660000     
  -5.48225937950000     
  -5.48477119390000     
  -5.48750641960000     
  -5.49047268870000     
  -5.49368429340000     
  -5.49714209930000     
  -5.50085866570000     
  -5.50482897030000     
  -5.50906537400000     
  -5.51355899750000     
  -5.51830868900000     
  -5.52330870680000     
  -5.52854735490000     
  -5.53401577710000     
  -5.53969125600000     
  -5.54556241100000     
  -5.55160309960000     
  -5.55779405070000     
  -5.56410974670000     
  -5.57052286940000     
  -5.57701360970000     
  -5.58358474550000     
  -5.59041421210000     
  -5.59774734200000     
  -5.60574021900000     
  -5.61445035500000     
  -5.62384421310000     
  -5.63380376210000     
  -5.64412887330000     
  -5.65454772290000     
  -5.66472005180000     
  -5.67424891030000     
  -5.68270244570000     
  -5.68968809780000     
  -5.69490360290000     
  -5.69813009480000     
  -5.69922832840000     
  -5.69812757300000     
  -5.69462669700000     
  -5.68815251940000     
  -5.67801632390000     
  -5.66348141090000     
  -5.64382833980000     
  -5.61844842750000     
  -5.58695955290000     
  -5.54936290330000     
  -5.50620777380000     
  -5.45872590730000     
  -5.40888763200000     
  -5.35933823130000     
  -5.31316312530000     
  -5.27344386140000     
  -5.24268240210000     
  -5.22226269830000     
  -5.21205525020000     
  -5.21039473590000     
  -5.21428154170000     
  -5.21892980820000     
  -5.21701770820000     
  -5.19730136120000     
  -5.14153178590000     
  -5.01885022820000     
  -4.77585293670000     
  -4.31893782870000     
  -3.48287324470000     
  -1.97491960260000     
  0.724362847800000     
   5.53713779180000     
   14.1006777776000     
   14.1006777776000     
   14.1006777776000     
   9.23300260320000     
   2.77287069600000     
 -0.861511969600000     
  -2.90403136950000     
  -4.04999838310000     
  -4.69133513670000     
  -5.04899370590000     
  -5.24755879000000     
  -5.35728549980000     
  -5.41777137560000     
  -5.45128593180000     
  -5.47027632070000     
  -5.48158659210000     
  -5.48880916310000     
  -5.49349680580000     
  -5.46758190030000     
  -5.46833400000000     
  -5.46921733840000     
  -5.47023356470000     
  -5.47139726430000     
  -5.47270655460000     
  -5.47417191550000     
  -5.47580139380000     
  -5.47759383010000     
  -5.47956968940000     
  -5.48172245890000     
  -5.48407313470000     
  -5.48662063120000     
  -5.48937698940000     
  -5.49234771040000     
  -5.49553616300000     
  -5.49894881250000     
  -5.50258527410000     
  -5.50644656760000     
  -5.51053165640000     
  -5.51483506950000     
  -5.51935275440000     
  -5.52407573940000     
  -5.52899574390000     
  -5.53410065110000     
  -5.53937938790000     
  -5.54481791150000     
  -5.55040267870000     
  -5.55611980080000     
  -5.56195857280000     
  -5.56798228670000     
  -5.57436084000000     
  -5.58123045980000     
  -5.58866403450000     
  -5.59666885970000     
  -5.60520261180000     
  -5.61417390480000     
  -5.62345285190000     
  -5.63288079920000     
  -5.64227441790000     
  -5.65144019610000     
  -5.66017744430000     
  -5.66829508900000     
  -5.67561742460000     
  -5.68202336540000     
  -5.68742898010000     
  -5.69180017070000     
  -5.69513182320000     
  -5.69744876220000     
  -5.69879336540000     
  -5.69922832840000     
  -5.69882010430000     
  -5.69763845100000     
  -5.69575221660000     
  -5.69321144310000     
  -5.69007495930000     
  -5.68639795870000     
  -5.68221667790000     
  -5.67757902660000     
  -5.67261734390000     
  -5.66749030570000     
  -5.66227899500000     
  -5.65698820620000     
  -5.65157117250000     
  -5.64594044400000     
  -5.63996357660000     
  -5.63348186560000     
  -5.62632875900000     
  -5.61834398460000     
  -5.60939050410000     
  -5.59936719740000     
  -5.58822263930000     
  -5.57598152050000     
  -5.56275922320000     
  -5.54875746150000     
  -5.53424819570000     
  -5.51953749810000     
  -5.50494115490000     
  -5.49076798780000     
  -5.47730847480000     
  -5.46482137540000     
  -5.45352712400000     
  -5.44358760390000     
  -5.43511305940000     
  -5.42815733430000     
  -5.42269844880000     
  -5.41862169420000     
  -5.41574873730000     
  -5.41397065450000     
  -5.41319419800000     
  -5.41328825930000     
  -5.41409669960000     
  -5.41545361020000     
  -5.41718523700000     
  -5.41911162510000     
  -5.42105743740000     
  -5.42286880420000     
  -5.42442634810000     
  -5.42564775270000     
  -5.42651829480000     
  -5.46699682740000     
  -5.46765483610000     
  -5.46843935300000     
  -5.46935481960000     
  -5.47041532030000     
  -5.47162230890000     
  -5.47298344550000     
  -5.47450699150000     
  -5.47619597910000     
  -5.47806261520000     
  -5.48010751850000     
  -5.48234836570000     
  -5.48478745490000     
  -5.48743440330000     
  -5.49029741550000     
  -5.49338455990000     
  -5.49669857960000     
  -5.50024384030000     
  -5.50402345220000     
  -5.50803633300000     
  -5.51228069340000     
  -5.51675010370000     
  -5.52144022480000     
  -5.52634228670000     
  -5.53144208170000     
  -5.53673080600000     
  -5.54218882000000     
  -5.54780607340000     
  -5.55355914760000     
  -5.55943631930000     
  -5.56541781540000     
  -5.57151117480000     
  -5.57785072960000     
  -5.58461606580000     
  -5.59191583640000     
  -5.59979255360000     
  -5.60822545940000     
  -5.61713714730000     
  -5.62640696220000     
  -5.63587445930000     
  -5.64534306980000     
  -5.65460265620000     
  -5.66342784280000     
  -5.67159301920000     
  -5.67889020420000     
  -5.68516331520000     
  -5.69031176600000     
  -5.69428287060000     
  -5.69706958930000     
  -5.69869929100000     
  -5.69922832840000     
  -5.69873491120000     
  -5.69730939050000     
  -5.69501650070000     
  -5.69192525600000     
  -5.68813651390000     
  -5.68377502890000     
  -5.67897611470000     
  -5.67386911820000     
  -5.66856129030000     
  -5.66312399540000     
  -5.65758459320000     
  -5.65192636120000     
  -5.64609628730000     
  -5.64001926380000     
  -5.63361433930000     
  -5.62681262870000     
  -5.61957333720000     
  -5.61189381940000     
  -5.60378883270000     
  -5.59524061990000     
  -5.58623660410000     
  -5.57678222980000     
  -5.56690679760000     
  -5.55666693980000     
  -5.54614932170000     
  -5.53547375770000     
  -5.52479586260000     
  -5.51430186810000     
  -5.50417996440000     
  -5.49459400460000     
  -5.48568111920000     
  -5.47754387030000     
  -5.47025383640000     
  -5.46385057120000     
  -5.45833839070000     
  -5.45369135650000     
  -5.44984531530000     
  -5.44671421260000     
  -5.44427598290000     
  -5.44302228960000     
  -5.44387550430000     
  -5.44671141860000     
  -5.45055732070000     
  -5.45460349450000     
  -5.45844590800000     
  -5.46192092990000     
  -5.46496709970000     
  -5.46757215270000     
  -5.46974645210000     
  -5.49648543640000     
  -5.49349680020000     
  -5.48880915440000     
  -5.48158657890000     
  -5.47027629940000     
  -5.45128589490000     
  -5.41777130960000     
  -5.35728538020000     
  -5.24755857310000     
  -5.04899331420000     
  -4.69133443260000     
  -4.04999712280000     
  -2.90402912040000     
 -0.861507964500000     
   2.77287781870000     
   9.23301525960000     
   9.23301525960000     
   9.23301525960000     
   14.1006609952000     
   5.53712835430000     
  0.724357548700000     
  -1.97492256960000     
  -3.48287489670000     
  -4.31893873870000     
  -4.77585342800000     
  -5.01885048350000     
  -5.14153190910000     
  -5.19730141170000     
  -5.21701772090000     
  -5.21892980400000     
  -5.21428153390000     
  -5.21039473340000     
  -5.21205525840000     
  -5.22226272090000     
  -5.24268244040000     
  -5.27344391450000     
  -5.31316319000000     
  -5.35933830340000     
  -5.40888770680000     
  -5.45872598040000     
  -5.50620784170000     
  -5.54936296370000     
  -5.58695960450000     
  -5.61844846980000     
  -5.64382837320000     
  -5.66348143620000     
  -5.67801634210000     
  -5.68815253160000     
  -5.69462670420000     
  -5.69812757630000     
  -5.69922832840000     
  -5.69813009150000     
  -5.69490359660000     
  -5.68968808860000     
  -5.68270243410000     
  -5.67424889680000     
  -5.66472003700000     
  -5.65454770750000     
  -5.64412885780000     
  -5.63380374690000     
  -5.62384419860000     
  -5.61445034150000     
  -5.60574020660000     
  -5.59774733060000     
  -5.59041420160000     
  -5.58358473560000     
  -5.57701360000000     
  -5.57052285980000     
  -5.56410973720000     
  -5.55779404140000     
  -5.55160309040000     
  -5.54556240210000     
  -5.53969124740000     
  -5.53401576880000     
  -5.52854734690000     
  -5.52330869910000     
  -5.51830868170000     
  -5.51355899060000     
  -5.50906536740000     
  -5.50482896420000     
  -5.50085866000000     
  -5.49714209400000     
  -5.49368428840000     
  -5.49047268410000     
  -5.48750641540000     
  -5.48477119000000     
  -5.48225937590000     
  -5.47996192340000     
  -5.47786634950000     
  -5.47596311410000     
  -5.47424398640000     
  -5.47269953960000     
  -5.47132265310000     
  -5.47010620950000     
  -5.46904175710000     
  -5.46812769460000     
  -5.46734686290000     
  -5.46669762870000     
  -5.46616194830000     
  -5.46572934460000     
  -5.46758190030000     
  -5.46833400000000     
  -5.46921733840000     
  -5.47023356470000     
  -5.47139726430000     
  -5.47270655460000     
  -5.47417191550000     
  -5.47580139380000     
  -5.47759383010000     
  -5.47956968940000     
  -5.48172245890000     
  -5.48407313470000     
  -5.48662063120000     
  -5.48937698940000     
  -5.49234771040000     
  -5.49553616300000     
  -5.49894881250000     
  -5.50258527410000     
  -5.50644656760000     
  -5.51053165640000     
  -5.51483506950000     
  -5.51935275440000     
  -5.52407573940000     
  -5.52899574390000     
  -5.53410065110000     
  -5.53937938790000     
  -5.54481791150000     
  -5.55040267870000     
  -5.55611980080000     
  -5.56195857280000     
  -5.56798228670000     
  -5.57436084000000     
  -5.58123045980000     
  -5.58866403450000     
  -5.59666885970000     
  -5.60520261180000     
  -5.61417390480000     
  -5.62345285190000     
  -5.63288079920000     
  -5.64227441790000     
  -5.65144019610000     
  -5.66017744430000     
  -5.66829508900000     
  -5.67561742460000     
  -5.68202336540000     
  -5.68742898010000     
  -5.69180017070000     
  -5.69513182320000     
  -5.69744876220000     
  -5.69879336540000     
  -5.69922832840000     
  -5.69882010430000     
  -5.69763845100000     
  -5.69575221660000     
  -5.69321144310000     
  -5.69007495930000     
  -5.68639795870000     
  -5.68221667790000     
  -5.67757902660000     
  -5.67261734390000     
  -5.66749030570000     
  -5.66227899500000     
  -5.65698820620000     
  -5.65157117250000     
  -5.64594044400000     
  -5.63996357660000     
  -5.63348186560000     
  -5.62632875900000     
  -5.61834398460000     
  -5.60939050410000     
  -5.59936719740000     
  -5.58822263930000     
  -5.57598152050000     
  -5.56275922320000     
  -5.54875746150000     
  -5.53424819570000     
  -5.51953749810000     
  -5.50494115490000     
  -5.49076798780000     
  -5.47730847480000     
  -5.46482137540000     
  -5.45352712400000     
  -5.44358760390000     
  -5.43511305940000     
  -5.42815733430000     
  -5.42269844880000     
  -5.41862169420000     
  -5.41574873730000     
  -5.41397065450000     
  -5.41319419800000     
  -5.41328825930000     
  -5.41409669960000     
  -5.41545361020000     
  -5.41718523700000     
  -5.41911162510000     
  -5.42105743740000     
  -5.42286880420000     
  -5.42442634810000     
  -5.42564775270000     
  -5.42651829480000     
