  -5.27526533360000     
  -5.29292294370000     
  -5.31074453710000     
  -5.32867061460000     
  -5.34664811440000     
  -5.36462721130000     
  -5.38254300790000     
  -5.40033483390000     
  -5.41794872320000     
  -5.43532646480000     
  -5.45240511010000     
  -5.46912916470000     
  -5.48544436530000     
  -5.50129937400000     
  -5.51664459890000     
  -5.53143001110000     
  -5.54561507370000     
  -5.55916185260000     
  -5.57204282870000     
  -5.58423132660000     
  -5.59571405620000     
  -5.60647841200000     
  -5.61652620090000     
  -5.62585864120000     
  -5.63448394940000     
  -5.64241199960000     
  -5.64966234590000     
  -5.65625873580000     
  -5.66222405790000     
  -5.66758345280000     
  -5.67236800470000     
  -5.67661328840000     
  -5.68035176020000     
  -5.68361716770000     
  -5.68644560760000     
  -5.68887517190000     
  -5.69094194820000     
  -5.69268137590000     
  -5.69412893990000     
  -5.69531931840000     
  -5.69628523610000     
  -5.69705758560000     
  -5.69766546700000     
  -5.69813562970000     
  -5.69849202190000     
  -5.69875600490000     
  -5.69894619770000     
  -5.69907811260000     
  -5.69916386190000     
  -5.69921197280000     
  -5.69922746240000     
  -5.69921197280000     
  -5.69916386180000     
  -5.69907811250000     
  -5.69894619740000     
  -5.69875600450000     
  -5.69849202140000     
  -5.69813562900000     
  -5.69766546620000     
  -5.69705758450000     
  -5.69628523470000     
  -5.69531931670000     
  -5.69412893790000     
  -5.69268137340000     
  -5.69094194530000     
  -5.68887516840000     
  -5.68644560350000     
  -5.68361716300000     
  -5.68035175480000     
  -5.67661328220000     
  -5.67236799770000     
  -5.66758344500000     
  -5.66222404920000     
  -5.65625872610000     
  -5.64966233520000     
  -5.64241198790000     
  -5.63448393660000     
  -5.62585862730000     
  -5.61652618590000     
  -5.60647839580000     
  -5.59571403890000     
  -5.58423130820000     
  -5.57204280920000     
  -5.55916183210000     
  -5.54561505200000     
  -5.53142998840000     
  -5.51664457530000     
  -5.50129934950000     
  -5.48544434000000     
  -5.46912913860000     
  -5.45240508340000     
  -5.43532643750000     
  -5.41794869550000     
  -5.40033480570000     
  -5.38254297940000     
  -5.36462718260000     
  -5.34664808560000     
  -5.32867058570000     
  -5.31074450820000     
  -5.29292291490000     
  -5.02714308550000     
  -5.03653155750000     
  -5.04572982520000     
  -5.05467358520000     
  -5.06330956680000     
  -5.07166175710000     
  -5.08001382380000     
  -5.08925979000000     
  -5.10132749730000     
  -5.11805390480000     
  -5.13792709220000     
  -5.15937531120000     
  -5.18202750840000     
  -5.20566422310000     
  -5.23004625470000     
  -5.25492907390000     
  -5.28007620050000     
  -5.30526446810000     
  -5.33029467180000     
  -5.35499075210000     
  -5.37920298490000     
  -5.40280514700000     
  -5.42569172240000     
  -5.44777605330000     
  -5.46898748740000     
  -5.48926996660000     
  -5.50858004460000     
  -5.52688519560000     
  -5.54416191230000     
  -5.56039572240000     
  -5.57557934150000     
  -5.58971434570000     
  -5.60281069230000     
  -5.61488582580000     
  -5.62596562840000     
  -5.63608300380000     
  -5.64527513260000     
  -5.65358141450000     
  -5.66104328970000     
  -5.66770529530000     
  -5.67361122440000     
  -5.67880472330000     
  -5.68332533710000     
  -5.68721304820000     
  -5.69050435580000     
  -5.69323161100000     
  -5.69542302820000     
  -5.69710135100000     
  -5.69828694740000     
  -5.69899274890000     
  -5.69922746240000     
  -5.69899274820000     
  -5.69828694600000     
  -5.69710134890000     
  -5.69542302550000     
  -5.69323160780000     
  -5.69050435210000     
  -5.68721304400000     
  -5.68332533250000     
  -5.67880471850000     
  -5.67361121950000     
  -5.66770529050000     
  -5.66104328500000     
  -5.65358141020000     
  -5.64527512900000     
  -5.63608300100000     
  -5.62596562680000     
  -5.61488582570000     
  -5.60281069400000     
  -5.58971434970000     
  -5.57557934820000     
  -5.56039573230000     
  -5.54416192590000     
  -5.52688521350000     
  -5.50858006740000     
  -5.48926999500000     
  -5.46898752210000     
  -5.44777609500000     
  -5.42569177190000     
  -5.40280520500000     
  -5.37920305230000     
  -5.35499083000000     
  -5.33029476090000     
  -5.30526456940000     
  -5.28007631520000     
  -5.25492920300000     
  -5.23004639900000     
  -5.20566438360000     
  -5.18202768590000     
  -5.15937550570000     
  -5.13792730320000     
  -5.11805412630000     
  -5.10132770220000     
  -5.08925996820000     
  -5.08001399160000     
  -5.07166192560000     
  -5.06330974030000     
  -5.05467376460000     
  -5.04573001060000     
  -5.03653174850000     
  -5.01413952090000     
  -5.02220885550000     
  -5.03027303550000     
  -5.03829752280000     
  -5.04623886530000     
  -5.05404444330000     
  -5.06164976130000     
  -5.06897688860000     
  -5.07595788990000     
  -5.08306345280000     
  -5.09690046540000     
  -5.12326523540000     
  -5.15197848470000     
  -5.18095688060000     
  -5.20992393360000     
  -5.23867788610000     
  -5.26705125950000     
  -5.29490434880000     
  -5.32211857490000     
  -5.34859280130000     
  -5.37424221220000     
  -5.39899635470000     
  -5.42279799660000     
  -5.44560065320000     
  -5.46736726710000     
  -5.48807074500000     
  -5.50769250320000     
  -5.52622151180000     
  -5.54365466670000     
  -5.55999527170000     
  -5.57525155120000     
  -5.58943758660000     
  -5.60257168720000     
  -5.61467688890000     
  -5.62578174880000     
  -5.63592003280000     
  -5.64512966450000     
  -5.65345226840000     
  -5.66092991800000     
  -5.66760673740000     
  -5.67352763790000     
  -5.67873341510000     
  -5.68326769500000     
  -5.68716799870000     
  -5.69047003590000     
  -5.69320770800000     
  -5.69540668210000     
  -5.69709263480000     
  -5.69828315070000     
  -5.69899173050000     
  -5.69922746240000     
  -5.69899173020000     
  -5.69828314870000     
  -5.69709262820000     
  -5.69540666640000     
  -5.69320767720000     
  -5.69046998190000     
  -5.68716791090000     
  -5.68326756110000     
  -5.67873321880000     
  -5.67352736070000     
  -5.66760635680000     
  -5.66092940720000     
  -5.65345159700000     
  -5.64512879660000     
  -5.63591892780000     
  -5.62578036050000     
  -5.61467516490000     
  -5.60256956910000     
  -5.58943500940000     
  -5.57524844300000     
  -5.55999155460000     
  -5.54365025640000     
  -5.52621631890000     
  -5.50768643340000     
  -5.48806370080000     
  -5.46735914800000     
  -5.44559135860000     
  -5.42278742700000     
  -5.39898441430000     
  -5.37422881200000     
  -5.34857786330000     
  -5.32210203770000     
  -5.29488617220000     
  -5.26703142960000     
  -5.23865642420000     
  -5.20990091470000     
  -5.18093246150000     
  -5.15195295030000     
  -5.12323926470000     
  -5.09688484710000     
  -5.08307059750000     
  -5.07596862850000     
  -5.06898822340000     
  -5.06166166490000     
  -5.05405696990000     
  -5.04625204820000     
  -5.03831136940000     
  -5.03028752850000     
  -5.02222395460000     
  -5.44711688070000     
  -5.45102275090000     
  -5.45441346650000     
  -5.45732020440000     
  -5.45977614870000     
  -5.46181363890000     
  -5.46346090980000     
  -5.46475076900000     
  -5.46571863390000     
  -5.46640745760000     
  -5.46686569920000     
  -5.46714354170000     
  -5.46729867440000     
  -5.46739282410000     
  -5.46748503210000     
  -5.46764075430000     
  -5.46791744660000     
  -5.46837651580000     
  -5.46907196220000     
  -5.47005862570000     
  -5.47139030810000     
  -5.47311896120000     
  -5.47529503070000     
  -5.47796949750000     
  -5.48118700570000     
  -5.48498918990000     
  -5.48941059340000     
  -5.49447782200000     
  -5.50020860530000     
  -5.50660985050000     
  -5.51367665870000     
  -5.52139213040000     
  -5.52972585250000     
  -5.53863407010000     
  -5.54805846560000     
  -5.55793310080000     
  -5.56819141680000     
  -5.57876703090000     
  -5.58959678860000     
  -5.60062619940000     
  -5.61181253970000     
  -5.62312573800000     
  -5.63451230470000     
  -5.64584881940000     
  -5.65694297880000     
  -5.66753683070000     
  -5.67730645760000     
  -5.68585980890000     
  -5.69273988780000     
  -5.69742135620000     
  -5.69922746240000     
  -5.69685817140000     
  -5.68822655650000     
  -5.67077886710000     
  -5.64161111280000     
  -5.59747780220000     
  -5.53481158750000     
  -5.44972486920000     
  -5.33789008810000     
  -5.19278429790000     
  -5.00469282620000     
  -4.76076752010000     
  -4.44334155830000     
  -4.02762121430000     
  -3.47890248760000     
  -2.74882754610000     
  -1.77143968620000     
 -0.471253105600000     
  0.966814044900000     
   2.46344597780000     
   4.20735903550000     
   6.69300400760000     
   9.98611688820000     
   14.4229744936000     
   14.4229744936000     
   14.4229744936000     
   16.8698241111000     
   11.8262529710000     
   8.09902827090000     
   5.27809781860000     
   3.24939013200000     
   1.68205040520000     
  0.354777873500000     
  -1.12022521280000     
  -2.25437625700000     
  -3.09436599490000     
  -3.72088642310000     
  -4.19102823120000     
  -4.54509831520000     
  -4.81187800390000     
  -5.01221945260000     
  -5.16152818650000     
  -5.27146369410000     
  -5.35073954600000     
  -5.40508683220000     
  -5.43933495700000     
  -5.45793270290000     
  -5.46487927460000     
  -5.46365893910000     
  -5.45719040400000     
  -5.00213435560000     
  -5.02249811600000     
  -5.04205818070000     
  -5.06084713860000     
  -5.07881769080000     
  -5.09586870890000     
  -5.11189971170000     
  -5.12682956610000     
  -5.14063321750000     
  -5.15331636180000     
  -5.16488216740000     
  -5.17532497050000     
  -5.18463605370000     
  -5.19281221000000     
  -5.19986275230000     
  -5.20581241430000     
  -5.21070026260000     
  -5.21458418620000     
  -5.21757472580000     
  -5.21981972810000     
  -5.22147011320000     
  -5.22267130650000     
  -5.22358332970000     
  -5.22441403980000     
  -5.22548443140000     
  -5.22735673310000     
  -5.23105577680000     
  -5.23822487890000     
  -5.25052888870000     
  -5.26837444530000     
  -5.29086784430000     
  -5.31673691410000     
  -5.34485041070000     
  -5.37431332400000     
  -5.40442623890000     
  -5.43462517060000     
  -5.46443104910000     
  -5.49343720250000     
  -5.52131218650000     
  -5.54779445120000     
  -5.57265732260000     
  -5.59569746840000     
  -5.61673730650000     
  -5.63562548780000     
  -5.65223003320000     
  -5.66643886200000     
  -5.67816309940000     
  -5.68734225250000     
  -5.69393307570000     
  -5.69790257020000     
  -5.69922746240000     
  -5.69790249990000     
  -5.69393249880000     
  -5.68734025650000     
  -5.67815824100000     
  -5.66642919560000     
  -5.65221320820000     
  -5.63559871800000     
  -5.61669756170000     
  -5.59564160010000     
  -5.57258209970000     
  -5.54769649340000     
  -5.52118799440000     
  -5.49328324390000     
  -5.46424319200000     
  -5.43439726060000     
  -5.40415000310000     
  -5.37397809350000     
  -5.34444168640000     
  -5.31623345340000     
  -5.29023764440000     
  -5.26757123590000     
  -5.24949601490000     
  -5.23692345870000     
  -5.22950566210000     
  -5.22561934720000     
  -5.22361624230000     
  -5.22245511650000     
  -5.22156263700000     
  -5.22061168740000     
  -5.21939137070000     
  -5.21774013160000     
  -5.21551182280000     
  -5.21255529240000     
  -5.20872199830000     
  -5.20390009000000     
  -5.19803079240000     
  -5.19107396400000     
  -5.18300314680000     
  -5.17380717110000     
  -5.16348740670000     
  -5.15205093090000     
  -5.13950197680000     
  -5.12583568570000     
  -5.11104633960000     
  -5.09516058910000     
  -5.07826104610000     
  -5.06044800630000     
  -5.04182303570000     
  -5.02244553970000     
  -4.88850902520000     
  -4.93983471720000     
  -4.98597150040000     
  -5.02765262240000     
  -5.06553236270000     
  -5.10018151300000     
  -5.13208756010000     
  -5.16165525030000     
  -5.18921093800000     
  -5.21500796060000     
  -5.23923178090000     
  -5.26196510190000     
  -5.28309653180000     
  -5.30247863330000     
  -5.31997233780000     
  -5.33545086610000     
  -5.34880308250000     
  -5.35993876360000     
  -5.36879394830000     
  -5.37536681600000     
  -5.37973295460000     
  -5.38201580100000     
  -5.38235325480000     
  -5.38089214360000     
  -5.37779785870000     
  -5.37327715990000     
  -5.36763189920000     
  -5.36137675730000     
  -5.35553789900000     
  -5.35226887220000     
  -5.35505784910000     
  -5.36590327830000     
  -5.38338916130000     
  -5.40516885210000     
  -5.42944316780000     
  -5.45500265220000     
  -5.48102105750000     
  -5.50689410780000     
  -5.53213356410000     
  -5.55633901180000     
  -5.57922155120000     
  -5.60057469170000     
  -5.62021136360000     
  -5.63796625780000     
  -5.65369914880000     
  -5.66728031890000     
  -5.67858625270000     
  -5.68751581850000     
  -5.69398336450000     
  -5.69790902350000     
  -5.69922746240000     
  -5.69789150010000     
  -5.69386540090000     
  -5.68712533620000     
  -5.67764913590000     
  -5.66543044460000     
  -5.65049095640000     
  -5.63287944200000     
  -5.61267460310000     
  -5.58998358630000     
  -5.56494366910000     
  -5.53771586080000     
  -5.50848768600000     
  -5.47747029140000     
  -5.44489529700000     
  -5.41101313570000     
  -5.37609445520000     
  -5.34043262010000     
  -5.30433665780000     
  -5.26812407840000     
  -5.23211351210000     
  -5.19662434510000     
  -5.16197208260000     
  -5.12846606250000     
  -5.09640640630000     
  -5.06607825540000     
  -5.03774996550000     
  -5.01165881420000     
  -4.98799677050000     
  -4.96690290140000     
  -4.94847107800000     
  -4.93312958400000     
  -4.92243284610000     
  -4.91728943830000     
  -4.91866162320000     
  -4.92284022480000     
  -4.92806347530000     
  -4.93397056850000     
  -4.94005300960000     
  -4.94572347890000     
  -4.95060177950000     
  -4.95455181890000     
  -4.95756254630000     
  -4.95968021350000     
  -4.96098644150000     
  -4.96158347990000     
  -4.96158045680000     
  -4.96109145410000     
  -4.96023403720000     
  -4.95912275580000     
  -4.90369601260000     
  -4.90208861840000     
  -4.89998719410000     
  -4.89742066790000     
  -4.89445453530000     
  -4.89124098140000     
  -4.88796759760000     
  -4.88479520570000     
  -4.88184230160000     
  -4.87918325500000     
  -4.87684578490000     
  -4.87481292160000     
  -4.87305954710000     
  -4.87159462520000     
  -4.87041051580000     
  -4.86943732280000     
  -4.86855709190000     
  -4.87793349290000     
  -4.91081149250000     
  -4.94585207480000     
  -4.98216951580000     
  -5.01948103300000     
  -5.05750743370000     
  -5.09597682120000     
  -5.13462219960000     
  -5.17318743150000     
  -5.21143330650000     
  -5.24913985510000     
  -5.28610463810000     
  -5.32214179740000     
  -5.35707959040000     
  -5.39075804920000     
  -5.42302797210000     
  -5.45375180080000     
  -5.48280556980000     
  -5.51007764950000     
  -5.53548012930000     
  -5.55895467650000     
  -5.58049280880000     
  -5.60011040240000     
  -5.61783525960000     
  -5.63370253560000     
  -5.64775169300000     
  -5.66002423340000     
  -5.67056145730000     
  -5.67940256840000     
  -5.68658339850000     
  -5.69213467630000     
  -5.69608136300000     
  -5.69844188440000     
  -5.69922746240000     
  -5.69844189910000     
  -5.69608150080000     
  -5.69213515190000     
  -5.68658452820000     
  -5.67940476300000     
  -5.67056521300000     
  -5.66003012080000     
  -5.64776034140000     
  -5.63371461890000     
  -5.61785147550000     
  -5.60013145460000     
  -5.58051938130000     
  -5.55898741540000     
  -5.53551960720000     
  -5.51012429920000     
  -5.48285964910000     
  -5.45381338070000     
  -5.42309694960000     
  -5.39083414970000     
  -5.35716239670000     
  -5.32223081120000     
  -5.28619931300000     
  -5.24923963890000     
  -5.21153769200000     
  -5.17329601680000     
  -5.13473476210000     
  -5.09609334920000     
  -5.05762814150000     
  -5.01960632370000     
  -4.98229999850000     
  -4.94598857580000     
  -4.91095499200000     
  -4.87804758430000     
  -4.86837199220000     
  -4.86926109200000     
  -4.87024557880000     
  -4.87144247490000     
  -4.87292185960000     
  -4.87469119680000     
  -4.87674056090000     
  -4.87909368860000     
  -4.88176704120000     
  -4.88473248540000     
  -4.88791519840000     
  -4.89119622290000     
  -4.89441416250000     
  -4.89738150210000     
  -4.89994707960000     
  -4.90204659160000     
  -1.57339745030000     
 -0.872845501500000     
 -0.142755376700000     
  0.631694027200000     
   1.48175990330000     
   2.48056211600000     
   3.72093209840000     
   5.28336536520000     
   7.23165152210000     
   9.62446464450000     
   12.5296611970000     
   16.0364670038000     
   16.0364670038000     
   16.0364670038000     
   16.0364670038000     
   17.7049466928000     
   13.9057563473000     
   10.7578407778000     
   8.15955671280000     
   6.03582278060000     
   4.32667466010000     
   2.97395244330000     
   1.90746170780000     
   1.03785009020000     
  0.198093773000000     
 -0.683922746000000     
  -1.47583366060000     
  -2.15940327090000     
  -2.73582581150000     
  -3.21753394480000     
  -3.61945954250000     
  -3.95548272460000     
  -4.23753893310000     
  -4.47542747350000     
  -4.67716509150000     
  -4.84918408970000     
  -4.99653301860000     
  -5.12314212810000     
  -5.23215698030000     
  -5.32603953680000     
  -5.40659016680000     
  -5.47491339570000     
  -5.53197810430000     
  -5.57874440600000     
  -5.61618343210000     
  -5.64528818090000     
  -5.66703714640000     
  -5.68239494170000     
  -5.69229405850000     
  -5.69762492870000     
  -5.69922746240000     
  -5.69784340490000     
  -5.69405271550000     
  -5.68826838090000     
  -5.68081728610000     
  -5.67200654530000     
  -5.66212086250000     
  -5.65141482960000     
  -5.64010947580000     
  -5.62838620390000     
  -5.61637948030000     
  -5.60417196180000     
  -5.59179025350000     
  -5.57920255580000     
  -5.56631991460000     
  -5.55299976450000     
  -5.53905639470000     
  -5.52428116500000     
  -5.50846266280000     
  -5.49139864310000     
  -5.47291026840000     
  -5.45285440460000     
  -5.43113490960000     
  -5.40771351840000     
  -5.38261823230000     
  -5.35595223240000     
  -5.32789294210000     
  -5.29867418800000     
  -5.26856297050000     
  -5.23785112520000     
  -5.20684592080000     
  -5.17586055810000     
  -5.14520503050000     
  -5.11517694370000     
  -5.08605220120000     
  -5.05807578670000     
  -5.03145316720000     
  -5.00634233420000     
  -4.98284590320000     
  -4.96100237880000     
  -4.94077776970000     
  -4.92205775670000     
  -4.90464140060000     
  -4.88823175640000     
  -4.87248053030000     
  -4.85716783150000     
  -4.84228241540000     
  -4.82785741920000     
  -4.81392795750000     
  -4.80052820550000     
  -5.08222448670000     
  -5.08340560140000     
  -5.08426438610000     
  -5.08483852310000     
  -5.08516593300000     
  -5.08527052450000     
  -5.08516494450000     
  -5.08486385640000     
  -5.08439258780000     
  -5.08380532360000     
  -5.08344831710000     
  -5.08737490360000     
  -5.10334574050000     
  -5.12483239590000     
  -5.14725945510000     
  -5.17033939660000     
  -5.19396108710000     
  -5.21800224420000     
  -5.24233885170000     
  -5.26685134610000     
  -5.29141285350000     
  -5.31590023020000     
  -5.34019140050000     
  -5.36417199530000     
  -5.38773359990000     
  -5.41076729640000     
  -5.43318815850000     
  -5.45490958580000     
  -5.47586480800000     
  -5.49599187160000     
  -5.51524268820000     
  -5.53357967640000     
  -5.55097683740000     
  -5.56740783400000     
  -5.58285793430000     
  -5.59732146130000     
  -5.61079336490000     
  -5.62326999590000     
  -5.63475947600000     
  -5.64526995900000     
  -5.65480699530000     
  -5.66338226820000     
  -5.67100977870000     
  -5.67770024720000     
  -5.68346439720000     
  -5.68831562110000     
  -5.69226469500000     
  -5.69532181340000     
  -5.69749590360000     
  -5.69879542780000     
  -5.69922746240000     
  -5.69879693730000     
  -5.69750825770000     
  -5.69536391370000     
  -5.69236471040000     
  -5.68851036170000     
  -5.68379954020000     
  -5.67823143090000     
  -5.67180255510000     
  -5.66450791630000     
  -5.65634507020000     
  -5.64731263600000     
  -5.63740444610000     
  -5.62661612260000     
  -5.61495265550000     
  -5.60241342320000     
  -5.58899738340000     
  -5.57471344080000     
  -5.55957829660000     
  -5.54360297720000     
  -5.52680428700000     
  -5.50920897700000     
  -5.49085577160000     
  -5.47177853360000     
  -5.45202577360000     
  -5.43165154950000     
  -5.41072274360000     
  -5.38931046890000     
  -5.36750154950000     
  -5.34537667730000     
  -5.32303268600000     
  -5.30056474690000     
  -5.27807289630000     
  -5.25565807390000     
  -5.23343374350000     
  -5.21151496590000     
  -5.19002551230000     
  -5.16911234900000     
  -5.14897240370000     
  -5.13000808020000     
  -5.11430553330000     
  -5.10556174960000     
  -5.10206401650000     
  -5.09958963300000     
  -5.09689771170000     
  -5.09392510040000     
  -5.09069526580000     
  -5.08721723220000     
  -5.08348930830000     
  -5.07950336420000     
  -4.37951237520000     
  -4.57587726180000     
  -4.72523628630000     
  -4.83754500840000     
  -4.92092817620000     
  -4.98189890420000     
  -5.02560423080000     
  -5.05606282010000     
  -5.07638011430000     
  -5.08893198910000     
  -5.09551712390000     
  -5.09748139980000     
  -5.09581888530000     
  -5.09125547070000     
  -5.08583905250000     
  -5.09731747210000     
  -5.12349201150000     
  -5.15058568350000     
  -5.17826442980000     
  -5.20640024100000     
  -5.23483284180000     
  -5.26337318140000     
  -5.29182390170000     
  -5.31999381280000     
  -5.34769807230000     
  -5.37477612160000     
  -5.40107531490000     
  -5.42647033130000     
  -5.45086283340000     
  -5.47417814640000     
  -5.49636375980000     
  -5.51737719070000     
  -5.53719229250000     
  -5.55579546030000     
  -5.57318299210000     
  -5.58935247330000     
  -5.60431655050000     
  -5.61809354020000     
  -5.63069412140000     
  -5.64214173880000     
  -5.65246347240000     
  -5.66167868120000     
  -5.66981554080000     
  -5.67690291420000     
  -5.68296383600000     
  -5.68802613230000     
  -5.69211729950000     
  -5.69526043450000     
  -5.69747813460000     
  -5.69879324270000     
  -5.69922746240000     
  -5.69880005860000     
  -5.69752972470000     
  -5.69543350430000     
  -5.69252685330000     
  -5.68882291460000     
  -5.68433375510000     
  -5.67907080170000     
  -5.67304454300000     
  -5.66626307140000     
  -5.65873421280000     
  -5.65046561170000     
  -5.64146074140000     
  -5.63172463290000     
  -5.62126355040000     
  -5.61008105850000     
  -5.59818099100000     
  -5.58556830110000     
  -5.57224779500000     
  -5.55822709530000     
  -5.54351804030000     
  -5.52812998780000     
  -5.51207537080000     
  -5.49537088190000     
  -5.47804016250000     
  -5.46011096560000     
  -5.44162326910000     
  -5.42261721430000     
  -5.40314020090000     
  -5.38325357870000     
  -5.36303172350000     
  -5.34256109770000     
  -5.32193928850000     
  -5.30127877140000     
  -5.28070206240000     
  -5.26033565500000     
  -5.24031408870000     
  -5.22078940990000     
  -5.20189266940000     
  -5.18374218370000     
  -5.16646709330000     
  -5.15015150970000     
  -5.13485140860000     
  -5.12062388960000     
  -5.10748779160000     
  -5.09542778430000     
  -5.08436750220000     
  -5.07410271160000     
  -5.06437708720000     
  -5.05500724160000     
  -5.05293014760000     
  -5.05901751630000     
  -5.06480271250000     
  -5.07032714030000     
  -5.07569710550000     
  -5.08101820640000     
  -5.08634161350000     
  -5.09164462180000     
  -5.09689259520000     
  -5.10212533210000     
  -5.10749096000000     
  -5.11320665160000     
  -5.11953558990000     
  -5.12676622990000     
  -5.13519332920000     
  -5.14513218280000     
  -5.15686928670000     
  -5.17059910370000     
  -5.18640642770000     
  -5.20424839730000     
  -5.22395682590000     
  -5.24528489740000     
  -5.26794828600000     
  -5.29164699470000     
  -5.31608009030000     
  -5.34095548220000     
  -5.36599948600000     
  -5.39096030590000     
  -5.41561442310000     
  -5.43976666140000     
  -5.46324794840000     
  -5.48591763040000     
  -5.50765997420000     
  -5.52838350320000     
  -5.54801791830000     
  -5.56651007250000     
  -5.58382178620000     
  -5.59992729450000     
  -5.61481089470000     
  -5.62846526820000     
  -5.64088943210000     
  -5.65208741500000     
  -5.66206673030000     
  -5.67083699230000     
  -5.67840921090000     
  -5.68479467330000     
  -5.69000358880000     
  -5.69404488320000     
  -5.69692597050000     
  -5.69865237470000     
  -5.69922746240000     
  -5.69865237110000     
  -5.69692595190000     
  -5.69404482720000     
  -5.69000346200000     
  -5.68479443190000     
  -5.67840880150000     
  -5.67083635250000     
  -5.66206578940000     
  -5.65208609600000     
  -5.64088765280000     
  -5.62846294330000     
  -5.61480793800000     
  -5.59992362150000     
  -5.58381731730000     
  -5.56650473580000     
  -5.54801165510000     
  -5.52837627110000     
  -5.50765175370000     
  -5.48590843010000     
  -5.46323781080000     
  -5.43975567420000     
  -5.41560272050000     
  -5.39094807540000     
  -5.36598697780000     
  -5.34094300240000     
  -5.31606801630000     
  -5.29163577500000     
  -5.26793841140000     
  -5.24527689570000     
  -5.22395123270000     
  -5.20424570860000     
  -5.18640702140000     
  -5.17060318470000     
  -5.15687682740000     
  -5.14514286100000     
  -5.13520664310000     
  -5.12678156460000     
  -5.11955218060000     
  -5.11322373570000     
  -5.10750782720000     
  -5.10214114540000     
  -5.09690629440000     
  -5.09165517700000     
  -5.08634790480000     
  -5.08101906890000     
  -5.07569144800000     
  -5.07031389410000     
  -5.06478084010000     
  -5.05898618310000     
  -5.05876664140000     
  -5.06422487840000     
  -5.06947120850000     
  -5.07454614050000     
  -5.07954136220000     
  -5.08454071370000     
  -5.08957155720000     
  -5.09459292210000     
  -5.09957255630000     
  -5.10456269650000     
  -5.10971637770000     
  -5.11524502420000     
  -5.12140929170000     
  -5.12849387480000     
  -5.13678938640000     
  -5.14660724780000     
  -5.15823036060000     
  -5.17185145830000     
  -5.18755497060000     
  -5.20529891840000     
  -5.22491520150000     
  -5.24615722090000     
  -5.26874172340000     
  -5.29236863180000     
  -5.31673610920000     
  -5.34155151380000     
  -5.36654076690000     
  -5.39145179540000     
  -5.41606072670000     
  -5.44017168920000     
  -5.46361498860000     
  -5.48624947330000     
  -5.50795903510000     
  -5.52865197600000     
  -5.54825773110000     
  -5.56672294250000     
  -5.58400925920000     
  -5.60009084740000     
  -5.61495192930000     
  -5.62858522080000     
  -5.64098975870000     
  -5.65216963820000     
  -5.66213244220000     
  -5.67088786380000     
  -5.67844700070000     
  -5.68482119260000     
  -5.69002071080000     
  -5.69405458140000     
  -5.69693030300000     
  -5.69865346120000     
  -5.69922746240000     
  -5.69865345790000     
  -5.69693028610000     
  -5.69405453080000     
  -5.69002059650000     
  -5.68482097520000     
  -5.67844663200000     
  -5.67088728680000     
  -5.66213159160000     
  -5.65216844260000     
  -5.64098814240000     
  -5.62858310560000     
  -5.61494923730000     
  -5.60008750240000     
  -5.58400519150000     
  -5.56671809060000     
  -5.54825204900000     
  -5.52864543480000     
  -5.50795163250000     
  -5.48624123770000     
  -5.46360598180000     
  -5.44016202310000     
  -5.41605055830000     
  -5.39144132920000     
  -5.36653026020000     
  -5.34154125780000     
  -5.31672646220000     
  -5.29236002030000     
  -5.26873460070000     
  -5.24615208440000     
  -5.22491254490000     
  -5.20529917400000     
  -5.18755848280000     
  -5.17185845390000     
  -5.15824083650000     
  -5.14662079460000     
  -5.13680527510000     
  -5.12851111810000     
  -5.12142653550000     
  -5.11526084970000     
  -5.10972945450000     
  -5.10457151700000     
  -5.09957552310000     
  -5.09458919550000     
  -5.08956111100000     
  -5.08452413480000     
  -5.07951946150000     
  -5.07451952070000     
  -5.06944007390000     
  -5.06418924080000     
  0.000000000000000E+000
   139.342522150700     
   105.483734350000     
   82.5659708299000     
   67.0100348032000     
   56.3245480370000     
   48.7880946420000     
   43.2262784459000     
   38.8230954963000     
   35.0468592935000     
   31.6529198642000     
   28.4784486915000     
   25.4464687391000     
   22.5329564539000     
   19.7421459475000     
   17.0902338673000     
   14.5955293285000     
   12.2731953985000     
   10.1330145800000     
   8.17897464460000     
   6.40982893490000     
   4.82011229760000     
   3.40161746320000     
   2.14392026180000     
   1.03484452340000     
  6.140377030000000E-002
 -0.789477967600000     
  -1.53044944030000     
  -2.17341896340000     
  -2.72945903730000     
  -3.20872991100000     
  -3.62043128500000     
  -3.97287458290000     
  -4.27354231140000     
  -4.52912072200000     
  -4.74555265170000     
  -4.92808967350000     
  -5.08135311670000     
  -5.20939564920000     
  -5.31575529040000     
  -5.40351223870000     
  -5.47534688310000     
  -5.53356966050000     
  -5.58018580260000     
  -5.61692291610000     
  -5.64525447250000     
  -5.66646449730000     
  -5.68162852630000     
  -5.69167410950000     
  -5.69739334420000     
  -5.69922746240000     
  -5.69728990650000     
  -5.69168656100000     
  -5.68253813350000     
  -5.67000316280000     
  -5.65426787470000     
  -5.63553888700000     
  -5.61405702440000     
  -5.59010245000000     
  -5.56396711830000     
  -5.53597770540000     
  -5.50650424760000     
  -5.47589551970000     
  -5.44446772980000     
  -5.41251325280000     
  -5.38031002480000     
  -5.34809929780000     
  -5.31608651540000     
  -5.28443886300000     
  -5.25331495290000     
  -5.22283888360000     
  -5.19309661250000     
  -5.16412309570000     
  -5.13593600460000     
  -5.10853593620000     
  -5.08186485910000     
  -5.05582094400000     
  -5.03029277380000     
  -5.00508778520000     
  -4.98003202590000     
  -4.95488504330000     
  -4.92935001320000     
  -4.90328885900000     
  -4.87657463790000     
  -4.84913634480000     
  -4.82095510680000     
  -4.79191568590000     
  -4.76191094920000     
  -4.73086208730000     
  -4.69864819230000     
  -4.66514327580000     
  -4.63025645620000     
  -4.59384067100000     
  -4.55575376820000     
  -4.51586897750000     
  -4.47402708850000     
  -4.43008436040000     
  -4.38385680890000     
  -4.33517524720000     
  -4.28385752990000     
  0.000000000000000E+000
   67.3505921784000     
   50.5363361018000     
   39.1485782551000     
   31.4070527472000     
   26.0714098936000     
   22.2843624539000     
   19.4618106108000     
   17.2161421321000     
   15.3011496044000     
   13.5704744013000     
   11.9455269704000     
   10.3911756031000     
   8.89786044280000     
   7.46920520600000     
   6.11405096180000     
   4.84165176700000     
   3.65928461900000     
   2.57138441260000     
   1.57934847940000     
  0.681950344800000     
 -0.124111486800000     
 -0.843521735500000     
  -1.48196486330000     
  -2.04591118610000     
  -2.54217062600000     
  -2.97750380760000     
  -3.35839956650000     
  -3.69092316480000     
  -3.98066370290000     
  -4.23271391820000     
  -4.45164684310000     
  -4.64154983680000     
  -4.80606737300000     
  -4.94841127670000     
  -5.07141648850000     
  -5.17757523800000     
  -5.26907552530000     
  -5.34780770290000     
  -5.41539146790000     
  -5.47320307600000     
  -5.52240165290000     
  -5.56396447590000     
  -5.59872261440000     
  -5.62738391030000     
  -5.65054969380000     
  -5.66873032900000     
  -5.68235872920000     
  -5.69180229640000     
  -5.69737133420000     
  -5.69922746240000     
  -5.69737131070000     
  -5.69180263550000     
  -5.68236095210000     
  -5.66873743100000     
  -5.65056645200000     
  -5.62741726000000     
  -5.59878208700000     
  -5.56406270850000     
  -5.52255497490000     
  -5.47343220350000     
  -5.41572218010000     
  -5.34827155370000     
  -5.26971072110000     
  -5.17842772920000     
  -5.07254113090000     
  -4.94987319910000     
  -4.80794323700000     
  -4.64392967710000     
  -4.45463579100000     
  -4.23643407140000     
  -3.98525613320000     
  -3.69655005590000     
  -3.36524668200000     
  -2.98578107790000     
  -2.55211335820000     
  -2.05778010280000     
  -1.49604213150000     
 -0.860103899200000     
 -0.143499997900000     
  0.659465924600000     
   1.55349137540000     
   2.54191212470000     
   3.62601700610000     
   4.80449157210000     
   6.07300278330000     
   7.42437458000000     
   8.84940995410000     
   10.3392173313000     
   11.8899012835000     
   13.5103632212000     
   15.2344657699000     
   17.1386282387000     
   19.3657701084000     
   22.1569272227000     
   25.8922016573000     
   31.1449154112000     
   38.7568521017000     
   49.9458562712000     
   66.4591618067000     
  -4.85960807660000     
  -4.82695993650000     
  -4.78163302100000     
  -4.71947375990000     
  -4.63508862180000     
  -4.52151265960000     
  -4.36975474330000     
  -4.16822136530000     
  -3.90203078980000     
  -3.55216349280000     
  -3.09438946980000     
  -2.49800715700000     
  -1.72445628190000     
 -0.725854763800000     
  0.556264933700000     
   2.19135791000000     
   4.25805029410000     
   6.83727810910000     
   9.99435784120000     
   13.7374678452000     
   17.9251114611000     
   22.1016535282000     
   25.3583287534000     
   26.4867807408000     
   24.9122690955000     
   21.3566696094000     
   17.0466013640000     
   12.8371074679000     
   9.11646624630000     
   5.99355033660000     
   3.44775463760000     
   1.40898314670000     
 -0.205035151300000     
  -1.47272938700000     
  -2.46272772240000     
  -3.23248739570000     
  -3.82889232770000     
  -4.28956872890000     
  -4.64438535500000     
  -4.91686204020000     
  -5.12540856810000     
  -5.28437294600000     
  -5.40489571140000     
  -5.49560670070000     
  -5.56316292840000     
  -5.61269281040000     
  -5.64812489210000     
  -5.67247080400000     
  -5.68802103300000     
  -5.69652467940000     
  -5.69922746240000     
  -5.69658740080000     
  -5.68882610630000     
  -5.67613665530000     
  -5.65863575730000     
  -5.63645522220000     
  -5.60976255750000     
  -5.57874973900000     
  -5.54355302610000     
  -5.50418426990000     
  -5.46053433740000     
  -5.41238111360000     
  -5.35937299330000     
  -5.30103522820000     
  -5.23677204180000     
  -5.16587308190000     
  -5.08751076690000     
  -5.00074898060000     
  -4.90455627270000     
  -4.79785217140000     
  -4.67971011430000     
  -4.54939391920000     
  -4.40624882260000     
  -4.24971758170000     
  -4.07937605210000     
  -3.89497563770000     
  -3.69648820780000     
  -3.48415427990000     
  -3.25853449720000     
  -3.02056083900000     
  -2.77158527380000     
  -2.51341456070000     
  -2.24832821790000     
  -1.97909121280000     
  -1.70894271130000     
  -1.44155561560000     
  -1.18095724220000     
 -0.931419462000000     
 -0.697325966800000     
 -0.483008462400000     
 -0.292558215100000     
 -0.129635783800000     
  2.719221100000000E-003
  0.102249298100000     
  0.167690936700000     
  0.198962133300000     
  0.197169626000000     
  0.164533449600000     
  0.104056785900000     
  1.871947020000000E-002
  -4.54196868650000     
  -4.39961200880000     
  -4.21914480120000     
  -3.99162988900000     
  -3.70639411450000     
  -3.35083812810000     
  -2.91033001300000     
  -2.36823453990000     
  -1.70621781660000     
 -0.905010110400000     
  5.413350700000000E-002
   1.18693863600000     
   2.50201732160000     
   3.99425192840000     
   5.63470769410000     
   7.35818905990000     
   9.05321861440000     
   10.5575739724000     
   11.6749093054000     
   12.2216800404000     
   12.0926609536000     
   11.3073029970000     
   10.0010411187000     
   8.36863038000000     
   6.60101746520000     
   4.84733129020000     
   3.20518214310000     
   1.72758269890000     
  0.435223764500000     
 -0.671937645600000     
  -1.60589132360000     
  -2.38459927160000     
  -3.02808654870000     
  -3.55614298450000     
  -3.98712093200000     
  -4.33737427330000     
  -4.62109036470000     
  -4.85033937730000     
  -5.03523325340000     
  -5.18414113730000     
  -5.30391308890000     
  -5.40009422730000     
  -5.47713067450000     
  -5.53853823660000     
  -5.58705829350000     
  -5.62482013180000     
  -5.65348051850000     
  -5.67435044610000     
  -5.68844234610000     
  -5.69655409030000     
  -5.69922746240000     
  -5.69655869180000     
  -5.68843444030000     
  -5.67427745560000     
  -5.65324259440000     
  -5.62425560790000     
  -5.58592472390000     
  -5.53648886850000     
  -5.47368647590000     
  -5.39461215280000     
  -5.29554310840000     
  -5.17176989990000     
  -5.01741526360000     
  -4.82521188420000     
  -4.58627145440000     
  -4.28984116910000     
  -3.92307536950000     
  -3.47086571400000     
  -2.91580045370000     
  -2.23837233630000     
  -1.41763581650000     
 -0.432603402200000     
  0.735119555500000     
   2.09681615770000     
   3.64969615950000     
   5.36680046360000     
   7.18394974680000     
   8.98670111880000     
   10.6052567576000     
   11.8310091057000     
   12.4661076941000     
   12.3953900188000     
   11.6381255753000     
   10.3385021497000     
   8.70304584600000     
   6.93201136670000     
   5.17893023400000     
   3.54308488850000     
   2.07746622020000     
  0.801122142400000     
 -0.287692863300000     
  -1.20209273700000     
  -1.96056145900000     
  -2.58336821820000     
  -3.09047747340000     
  -3.50038997200000     
  -3.82959422000000     
  -4.09240336180000     
  -4.30101790080000     
  -4.46568510930000     
  -4.66318495240000     
  -4.53656810710000     
  -4.37372562210000     
  -4.16600483090000     
  -3.90299697310000     
  -3.57233089380000     
  -3.15950678400000     
  -2.64783459630000     
  -2.01860001340000     
  -1.25166324050000     
 -0.326711316900000     
  0.774375824100000     
   2.06340032190000     
   3.53895037030000     
   5.17511309420000     
   6.91025490110000     
   8.64065368790000     
   10.2158863954000     
   11.4427397437000     
   12.1259987498000     
   12.1368956364000     
   11.4688133011000     
   10.2406130413000     
   8.64478903940000     
   6.88028270670000     
   5.10773033780000     
   3.43510115300000     
   1.92291241990000     
  0.596520502400000     
 -0.541609454700000     
  -1.50240763580000     
  -2.30363036350000     
  -2.96555178150000     
  -3.50841802450000     
  -3.95111245150000     
  -4.31051465270000     
  -4.60128969780000     
  -4.83592294080000     
  -5.02488466080000     
  -5.17683527320000     
  -5.29885378530000     
  -5.39667351990000     
  -5.47488614090000     
  -5.53712085810000     
  -5.58620741200000     
  -5.62434050940000     
  -5.65323793400000     
  -5.67424400720000     
  -5.68840828670000     
  -5.69654855990000     
  -5.69922746240000     
  -5.69654859120000     
  -5.68840879680000     
  -5.67424636790000     
  -5.65324475150000     
  -5.62435601860000     
  -5.58623798140000     
  -5.53717563510000     
  -5.47497781650000     
  -5.39681923870000     
  -5.29907636220000     
  -5.17716478030000     
  -5.02536047080000     
  -4.83659623430000     
  -4.60222657620000     
  -4.31179996500000     
  -3.95285432340000     
  -3.51075290690000     
  -2.96865006130000     
  -2.30770174020000     
  -1.50770503760000     
 -0.548429184400000     
  0.587845727700000     
   1.91203515830000     
   3.42170677530000     
   5.09162304370000     
   6.86152210870000     
   8.62387389800000     
   10.2186585666000     
   11.4475869649000     
   12.1185309989000     
   12.1123630258000     
   11.4347800915000     
   10.2134120741000     
   8.64264261880000     
   6.91543120480000     
   5.18224373790000     
   3.54697706550000     
   2.07152904340000     
  0.782122092700000     
 -0.319614658900000     
  -1.24534059560000     
  -2.01308380970000     
  -2.64310093540000     
  -3.15549984090000     
  -3.56897904300000     
  -3.90022314320000     
  -4.16373293160000     
  -4.37188414160000     
  -4.53509204070000     
  -2.75636204860000     
  -2.68629582400000     
  -2.61722819000000     
  -2.54975077550000     
  -2.48342368310000     
  -2.41654156610000     
  -2.34585793960000     
  -2.26626874270000     
  -2.17047455940000     
  -2.04851448250000     
  -1.88729602090000     
  -1.67001915910000     
  -1.37552989480000     
 -0.977623689900000     
 -0.444361395900000     
  0.262316848100000     
   1.18591212200000     
   2.37207333820000     
   3.85974659470000     
   5.65998995340000     
   7.70928083640000     
   9.78733667120000     
   11.4154497558000     
   11.9299480903000     
   11.0068242923000     
   9.04555616880000     
   6.71071786940000     
   4.45100987680000     
   2.46215915080000     
  0.794338832500000     
 -0.567405359500000     
  -1.66187059040000     
  -2.53300738010000     
  -3.22218448900000     
  -3.76540624310000     
  -4.19269397390000     
  -4.52848706620000     
  -4.79237235100000     
  -4.99988012290000     
  -5.16323136990000     
  -5.29198421990000     
  -5.39356439760000     
  -5.47370393470000     
  -5.53679877300000     
  -5.58619078290000     
  -5.62438722230000     
  -5.65326273440000     
  -5.67423838190000     
  -5.68839438800000     
  -5.69654813290000     
  -5.69922746240000     
  -5.69654810120000     
  -5.68839401320000     
  -5.67423677610000     
  -5.65325820720000     
  -5.62437693490000     
  -5.58617029150000     
  -5.53676144650000     
  -5.47364024140000     
  -5.39346088520000     
  -5.29182211020000     
  -5.16298469370000     
  -4.99951322990000     
  -4.79183663710000     
  -4.52771674540000     
  -4.19160083300000     
  -3.76387316720000     
  -3.22005804460000     
  -2.53009020180000     
  -1.65791555770000     
 -0.562116735200000     
  0.801284321700000     
   2.47104566480000     
   4.46191220970000     
   6.72311565100000     
   9.05760930360000     
   11.0146549589000     
   11.9289641386000     
   11.4048181573000     
   9.77085335930000     
   7.69114143250000     
   5.64264735930000     
   3.84425082510000     
   2.35869401110000     
   1.17456294210000     
  0.252777964200000     
 -0.452341567000000     
 -0.984283152200000     
  -1.38107539820000     
  -1.67462258980000     
  -1.89109672770000     
  -2.05162391690000     
  -2.17298148990000     
  -2.26824438880000     
  -2.34736152110000     
  -2.41762504240000     
  -2.48413499220000     
  -2.55013641770000     
  -2.61733550440000     
  -2.68617505810000     
