  0.000000000000000E+000
   72.2094946800000     
   54.3553415828000     
   42.2747439839000     
   34.0515095104000     
   28.3589514200000     
   24.2848948221000     
   21.2124354230000     
   18.7369599757000     
   16.6059967293000     
   14.6731612310000     
   12.8624790508000     
   11.1416488659000     
   9.50289598980000     
   7.95020439110000     
   6.49151021560000     
   5.13429213980000     
   3.88355767210000     
   2.74132098940000     
   1.70664229150000     
  0.776144226700000     
 -5.534958600000000E-002
 -0.794126193800000     
  -1.44716359850000     
  -2.02197894190000     
  -2.52623396200000     
  -2.96736945170000     
  -3.35241051890000     
  -3.68783934350000     
  -3.97956481160000     
  -4.23292329670000     
  -4.45267420580000     
  -4.64304154440000     
  -4.80777193160000     
  -4.95015702310000     
  -5.07309113550000     
  -5.17911422600000     
  -5.27044407290000     
  -5.34899122190000     
  -5.41638888520000     
  -5.47402232790000     
  -5.52305641530000     
  -5.56447201770000     
  -5.59910216170000     
  -5.62765536280000     
  -5.65073276160000     
  -5.66884395750000     
  -5.68242073270000     
  -5.69182913910000     
  -5.69737798010000     
  -5.69922746080000     
  -5.69737797490000     
  -5.69182912930000     
  -5.68242072060000     
  -5.66884394820000     
  -5.65073276320000     
  -5.62765538720000     
  -5.59910222540000     
  -5.56447214290000     
  -5.52305663060000     
  -5.47402266970000     
  -5.41638939880000     
  -5.34899196290000     
  -5.27044510860000     
  -5.17911563730000     
  -5.07309301900000     
  -4.95015949370000     
  -4.80777512440000     
  -4.64304561830000     
  -4.45267934620000     
  -4.23292971890000     
  -3.97957276430000     
  -3.68784911280000     
  -3.35242243210000     
  -2.96738387860000     
  -2.52625131690000     
  -2.02199968330000     
  -1.44718822110000     
 -0.794155215900000     
 -5.538353130000000E-002
  0.776104859200000     
   1.70659703030000     
   2.74126943730000     
   3.88349955930000     
   5.13422736850000     
   6.49143890870000     
   7.95012690350000     
   9.50281284880000     
   11.1415605957000     
   12.8623857800000     
   14.6730619819000     
   16.6058882672000     
   18.7368350838000     
   21.2122804820000     
   24.2846865507000     
   28.3586525675000     
   34.0510629878000     
   42.2740645310000     
   54.3543038191000     
   72.2079168022000     
  0.000000000000000E+000
   147.241887729200     
   111.976939755100     
   88.1167445581000     
   71.8845421397000     
   60.6665387063000     
   52.6663242544000     
   46.6683755920000     
   41.8304826022000     
   37.6322041832000     
   33.8340119839000     
   30.2834343791000     
   26.9122857245000     
   23.7019701143000     
   20.6584527502000     
   17.7965595437000     
   15.1310839066000     
   12.6724818276000     
   10.4254051375000     
   8.38881902610000     
   6.55687951220000     
   4.92009457460000     
   3.46683385700000     
   2.18390688030000     
   1.05689735570000     
  7.102814580000000E-002
 -0.788188160500000     
  -1.53449917410000     
  -2.18065384990000     
  -2.73835853250000     
  -3.21824915380000     
  -3.62987644810000     
  -3.98180497710000     
  -4.28169909910000     
  -4.53637331400000     
  -4.75185880640000     
  -4.93346596180000     
  -5.08585342510000     
  -5.21309578350000     
  -5.31874208420000     
  -5.40587605790000     
  -5.47717678000000     
  -5.53495004430000     
  -5.58119482370000     
  -5.61763159560000     
  -5.64572604440000     
  -5.66675485050000     
  -5.68178667820000     
  -5.69174293860000     
  -5.69741071440000     
  -5.69922746070000     
  -5.69730774030000     
  -5.69175910940000     
  -5.68270360860000     
  -5.67030076080000     
  -5.65473711930000     
  -5.63621915590000     
  -5.61498673360000     
  -5.59131866580000     
  -5.56550473720000     
  -5.53786890540000     
  -5.50877814830000     
  -5.47857987870000     
  -5.44758934820000     
  -5.41609858610000     
  -5.38438443590000     
  -5.35268925680000     
  -5.32121929740000     
  -5.29014397730000     
  -5.25962348890000     
  -5.22978532510000     
  -5.20072060560000     
  -5.17246929990000     
  -5.14505628810000     
  -5.11848904670000     
  -5.09271898850000     
  -5.06765659290000     
  -5.04320119460000     
  -5.01917305400000     
  -4.99541638680000     
  -4.97170359030000     
  -4.94774758060000     
  -4.92341510310000     
  -4.89856986470000     
  -4.87315764950000     
  -4.84717356990000     
  -4.82053177850000     
  -4.79316444720000     
  -4.76501113580000     
  -4.73597162970000     
  -4.70594507880000     
  -4.67486580190000     
  -4.64261354800000     
  -4.60907206690000     
  -4.57414809800000     
  -4.53771298420000     
  -4.49965594790000     
  -4.45983298440000     
  -4.41811250900000     
  -4.37435443130000     
  0.227894705500000     
  0.325261373300000     
  0.399972110700000     
  0.448164738500000     
  0.466433502400000     
  0.451840242400000     
  0.402473936000000     
  0.317655505000000     
  0.197949867100000     
  4.509409130000000E-002
 -0.138180815000000     
 -0.348396842400000     
 -0.581519611200000     
 -0.833162852500000     
  -1.09878317100000     
  -1.37386642720000     
  -1.65408480280000     
  -1.93541923770000     
  -2.21425558700000     
  -2.48745126790000     
  -2.75236503160000     
  -3.00685704630000     
  -3.24926677100000     
  -3.47838676070000     
  -3.69342390430000     
  -3.89394690590000     
  -4.07983243630000     
  -4.25121282180000     
  -4.40842752080000     
  -4.55197827620000     
  -4.68248762480000     
  -4.80066470110000     
  -4.90729145760000     
  -5.00333460180000     
  -5.08990192430000     
  -5.16804377770000     
  -5.23871038940000     
  -5.30273987430000     
  -5.36084943130000     
  -5.41364003510000     
  -5.46158972020000     
  -5.50505179530000     
  -5.54424955600000     
  -5.57929273570000     
  -5.61016994910000     
  -5.63674515290000     
  -5.65882739760000     
  -5.67624996620000     
  -5.68888144640000     
  -5.69660501900000     
  -5.69922746080000     
  -5.69652844210000     
  -5.68805165710000     
  -5.67255553470000     
  -5.64829708480000     
  -5.61299350190000     
  -5.56364349730000     
  -5.49633175570000     
  -5.40594658720000     
  -5.28585222630000     
  -5.12744400110000     
  -4.91961093250000     
  -4.64803634790000     
  -4.29434008010000     
  -3.83501902570000     
  -3.24018996320000     
  -2.47214441590000     
  -1.48377992710000     
 -0.217166524600000     
   1.39726807410000     
   3.43975740710000     
   5.99591617310000     
   9.14188218080000     
   12.9087611203000     
   17.2043000032000     
   21.6599635745000     
   25.4210503837000     
   27.1931729880000     
   26.1417474038000     
   22.8254649309000     
   18.5267318838000     
   14.2139634401000     
   10.3645271387000     
   7.12251259180000     
   4.47713267600000     
   2.35940622040000     
  0.685061215000000     
 -0.627232895800000     
  -1.64905132990000     
  -2.44048663870000     
  -3.05066147340000     
  -3.51908598950000     
  -3.87718187580000     
  -4.14973045330000     
  -4.35617656520000     
  -4.51173235960000     
  -4.62823913340000     
  -4.71488044630000     
  -4.77877328120000     
  -4.82543273240000     
  -4.55065639290000     
  -4.40954959310000     
  -4.23041329890000     
  -4.00423319150000     
  -3.72020673550000     
  -3.36552397040000     
  -2.92522860340000     
  -2.38220021840000     
  -1.71739225300000     
 -0.910503309100000     
  5.866211810000000E-002
   1.20778188620000     
   2.54792964250000     
   4.07686392070000     
   5.76872364690000     
   7.56022607000000     
   9.33893003920000     
   10.9370847006000     
   12.1456163607000     
   12.7629032947000     
   12.6673707348000     
   11.8725006485000     
   10.5206954260000     
   8.82112141340000     
   6.97904421270000     
   5.15365462040000     
   3.44792140970000     
   1.91677698110000     
  0.580826530600000     
 -0.561021877100000     
  -1.52215353130000     
  -2.32191927910000     
  -2.98157620550000     
  -3.52195567780000     
  -3.96226123910000     
  -4.31952726520000     
  -4.60847709090000     
  -4.84159855140000     
  -5.02932752440000     
  -5.18028242530000     
  -5.30150513890000     
  -5.39868833540000     
  -5.47639171020000     
  -5.53821868900000     
  -5.58697911600000     
  -5.62485804340000     
  -5.65355618000000     
  -5.67441842110000     
  -5.68848295130000     
  -5.69656723620000     
  -5.69922746080000     
  -5.69656725720000     
  -5.68848337920000     
  -5.67442042730000     
  -5.65356197530000     
  -5.62487120190000     
  -5.58700500090000     
  -5.53826498310000     
  -5.47646906520000     
  -5.39881111630000     
  -5.30169244430000     
  -5.18055944230000     
  -5.02972721410000     
  -4.84216378470000     
  -4.60926328080000     
  -4.32060563020000     
  -3.96372262560000     
  -3.52391502850000     
  -2.98417741580000     
  -2.32533998930000     
  -1.52660890400000     
 -0.566765524800000     
  0.573507380800000     
   1.90757814560000     
   3.43655975200000     
   5.13993816730000     
   6.96298580760000     
   8.80309492310000     
   10.5015936806000     
   11.8537833386000     
   12.6508462301000     
   12.7502064969000     
   12.1376410862000     
   10.9337644415000     
   9.33946884170000     
   7.56352470370000     
   5.77372952320000     
   4.08271259740000     
   2.55400055480000     
   1.21367305690000     
  6.413437910000000E-002
 -0.905574179400000     
  -1.71305264890000     
  -2.37844640360000     
  -2.92202686700000     
  -3.36282469870000     
  -3.71795362710000     
  -4.00236906450000     
  -4.22888349400000     
  -4.40830389460000     
  -2.55391768770000     
  -2.48609549820000     
  -2.42035465370000     
  -2.35739368050000     
  -2.29676450360000     
  -2.23666146960000     
  -2.17364970250000     
  -2.10234665370000     
  -2.01509019860000     
  -1.90150266450000     
  -1.74800190040000     
  -1.53723917760000     
  -1.24746164210000     
 -0.851800174300000     
 -0.317562864900000     
  0.394190648500000     
   1.32796430450000     
   2.53048831410000     
   4.04171326880000     
   5.87303307720000     
   7.95861797070000     
   10.0687432631000     
   11.7020866737000     
   12.1697079881000     
   11.1615477882000     
   9.12293276590000     
   6.73917942250000     
   4.45408610870000     
   2.45392453150000     
  0.782178162700000     
 -0.579930483200000     
  -1.67321555370000     
  -2.54264400900000     
  -3.23007214180000     
  -3.77171450780000     
  -4.19766156650000     
  -4.53235622480000     
  -4.79536108500000     
  -5.00217278780000     
  -5.16497756260000     
  -5.29330296050000     
  -5.39454941390000     
  -5.47442856960000     
  -5.53732014170000     
  -5.58655376610000     
  -5.62462773910000     
  -5.65341051930000     
  -5.67431870960000     
  -5.68842921030000     
  -5.69655679520000     
  -5.69922746080000     
  -5.69655679550000     
  -5.68842931340000     
  -5.67431920980000     
  -5.65341197860000     
  -5.62463110000000     
  -5.58656050090000     
  -5.53733244320000     
  -5.47444958390000     
  -5.39458357300000     
  -5.29335644120000     
  -5.16505889430000     
  -5.00229366610000     
  -4.79553744170000     
  -4.53260961460000     
  -4.19802089840000     
  -3.77221819910000     
  -3.23077062430000     
  -2.54360237500000     
  -1.67451577100000     
 -0.581671638300000     
  0.779885581900000     
   2.45097826380000     
   4.45044408070000     
   6.73498117890000     
   9.11873827140000     
   11.1586086602000     
   12.1696122192000     
   11.7052427509000     
   10.0739322721000     
   7.96441941780000     
   5.87860616670000     
   4.04669480280000     
   2.53478122240000     
   1.33159288760000     
  0.397225224500000     
 -0.315040337100000     
 -0.849711476000000     
  -1.24573841060000     
  -1.53582427090000     
  -1.74684875460000     
  -1.90057383010000     
  -2.01435578120000     
  -2.10178263440000     
  -2.17323609940000     
  -2.23638096670000     
  -2.29660139980000     
  -2.35733290480000     
  -2.42038102000000     
  -2.48619299760000     
  -4.64516306480000     
  -4.51298948780000     
  -4.34325739950000     
  -4.12701548100000     
  -3.85349734770000     
  -3.50989779470000     
  -3.08120929800000     
  -2.55015888150000     
  -1.89738082930000     
  -1.10203523670000     
 -0.143127815200000     
  0.998007789500000     
   2.33337747750000     
   3.86109077740000     
   5.55341353070000     
   7.34407647960000     
   9.12201377210000     
   10.7271335167000     
   11.9557940160000     
   12.6059374522000     
   12.5512738070000     
   11.7978854373000     
   10.4815690454000     
   8.80817104090000     
   6.98287989300000     
   5.16668071030000     
   3.46481719950000     
   1.93423700330000     
  0.597031686800000     
 -0.546898809000000     
  -1.51034218140000     
  -2.31232309270000     
  -2.97394576310000     
  -3.51598054160000     
  -3.95762920140000     
  -4.31595569600000     
  -4.60572462790000     
  -4.83946718950000     
  -5.02766845780000     
  -5.17898646740000     
  -5.30048889090000     
  -5.39789379160000     
  -5.47577719560000     
  -5.53775373920000     
  -5.58664035940000     
  -5.62462149710000     
  -5.65340668830000     
  -5.67433348100000     
  -5.68844598270000     
  -5.69655764160000     
  -5.69922746080000     
  -5.69655763300000     
  -5.68844596420000     
  -5.67433344940000     
  -5.65340663780000     
  -5.62462141910000     
  -5.58664024130000     
  -5.53775356300000     
  -5.47577693660000     
  -5.39789341610000     
  -5.30048835440000     
  -5.17898571070000     
  -5.02766740320000     
  -4.83946573570000     
  -4.60572264350000     
  -4.31595301180000     
  -3.95762560110000     
  -3.51597575180000     
  -2.97393944210000     
  -2.31231482030000     
  -1.51033145320000     
 -0.546885040900000     
  0.597049135200000     
   1.93425876440000     
   3.46484376910000     
   5.16671222420000     
   6.98291579060000     
   8.80820966510000     
   10.4816073907000     
   11.7979194580000     
   12.5512995999000     
   12.6059528668000     
   11.9557994475000     
   10.7271312321000     
   9.12200655350000     
   7.34406659420000     
   5.55340264930000     
   3.86108010690000     
   2.33336762950000     
  0.997999054600000     
 -0.143135356000000     
  -1.10204161700000     
  -1.89738614150000     
  -2.55016324440000     
  -3.08121283630000     
  -3.50990062980000     
  -3.85349959110000     
  -4.12701723200000     
  -4.34325874450000     
  -4.51299050070000     
  -5.45111759140000     
  -5.46051439820000     
  -5.46732499670000     
  -5.46933202900000     
  -5.46367058910000     
  -5.44689592690000     
  -5.41503091670000     
  -5.36363222780000     
  -5.28786198440000     
  -5.18218028660000     
  -5.03824773320000     
  -4.84471328950000     
  -4.58662426400000     
  -4.24378485100000     
  -3.78834603920000     
  -3.18130928410000     
  -2.36741734640000     
  -1.26829516180000     
  0.207894880800000     
   1.53223586140000     
   3.08181140840000     
   5.04305521300000     
   7.80095404070000     
   11.4351676592000     
   16.3689985620000     
   16.3689985620000     
   16.3689985620000     
   14.8409048778000     
   10.2811178124000     
   6.90365267240000     
   4.35346160230000     
   2.56348875870000     
   1.05408368850000     
 -0.385118827000000     
  -1.70924223510000     
  -2.70531983370000     
  -3.44851679100000     
  -4.00635741230000     
  -4.42843870890000     
  -4.75032728280000     
  -4.99740772790000     
  -5.18774575570000     
  -5.33445127290000     
  -5.44742417520000     
  -5.53334343160000     
  -5.59660330300000     
  -5.64113826640000     
  -5.67055828090000     
  -5.68814716560000     
  -5.69684263620000     
  -5.69922746080000     
  -5.69741153510000     
  -5.69270761700000     
  -5.68579881890000     
  -5.67721581570000     
  -5.66742011370000     
  -5.65680781190000     
  -5.64570583270000     
  -5.63437412830000     
  -5.62300593350000     
  -5.61172427690000     
  -5.60058188900000     
  -5.58960974860000     
  -5.57885163230000     
  -5.56836272450000     
  -5.55820666540000     
  -5.54845001010000     
  -5.53915902950000     
  -5.53039876210000     
  -5.52222577100000     
  -5.51468170390000     
  -5.50779433600000     
  -5.50157760930000     
  -5.49603320890000     
  -5.49115090070000     
  -5.48690950130000     
  -5.48327896910000     
  -5.48022135130000     
  -5.47769179960000     
  -5.47564276150000     
  -5.47402037610000     
  -5.47277204990000     
  -5.47184354970000     
  -5.47117926340000     
  -5.47072279820000     
  -5.47041853970000     
  -5.47020414180000     
  -5.47002111850000     
  -5.46980404930000     
  -5.46949425640000     
  -5.46903040620000     
  -5.46835654480000     
  -5.46742389670000     
  -5.46618589170000     
  -5.46460198460000     
  -5.46263872060000     
  -5.46026319440000     
  -5.45743969950000     
  -5.45413262510000     
  -5.45030885070000     
  -5.01502014000000     
  -5.02310154510000     
  -5.03117747780000     
  -5.03921528470000     
  -5.04717334150000     
  -5.05500042970000     
  -5.06263241210000     
  -5.06999117040000     
  -5.07700036230000     
  -5.08388992280000     
  -5.09606423190000     
  -5.12158255640000     
  -5.15022624180000     
  -5.17916749560000     
  -5.20810987060000     
  -5.23684911760000     
  -5.26521658950000     
  -5.29307206590000     
  -5.32029642040000     
  -5.34678869330000     
  -5.37246380520000     
  -5.39725151650000     
  -5.42109444440000     
  -5.44394610910000     
  -5.46576897040000     
  -5.48653531090000     
  -5.50622573800000     
  -5.52482825370000     
  -5.54233904760000     
  -5.55876056360000     
  -5.57410036300000     
  -5.58837169050000     
  -5.60159221050000     
  -5.61378407740000     
  -5.62497497810000     
  -5.63519791690000     
  -5.64449001080000     
  -5.65289223370000     
  -5.66044601280000     
  -5.66719496100000     
  -5.67318338110000     
  -5.67845169000000     
  -5.68304308910000     
  -5.68699461770000     
  -5.69034178590000     
  -5.69311812350000     
  -5.69534906940000     
  -5.69706011580000     
  -5.69826865370000     
  -5.69898810110000     
  -5.69922746080000     
  -5.69898810020000     
  -5.69826865180000     
  -5.69706011240000     
  -5.69534906400000     
  -5.69311811560000     
  -5.69034177440000     
  -5.68699460180000     
  -5.68304306770000     
  -5.67845166180000     
  -5.67318334510000     
  -5.66719491600000     
  -5.66044595760000     
  -5.65289216730000     
  -5.64448993210000     
  -5.63519782510000     
  -5.62497487250000     
  -5.61378395760000     
  -5.60159207630000     
  -5.58837154200000     
  -5.57410020070000     
  -5.55876038810000     
  -5.54233885980000     
  -5.52482805480000     
  -5.50622552930000     
  -5.48653509420000     
  -5.46576874740000     
  -5.44394588170000     
  -5.42109421480000     
  -5.39725128680000     
  -5.37246357760000     
  -5.34678846980000     
  -5.32029620310000     
  -5.29307185690000     
  -5.26521639090000     
  -5.23684893150000     
  -5.20810969970000     
  -5.17916734290000     
  -5.15022611050000     
  -5.12158245770000     
  -5.09606448810000     
  -5.08389075030000     
  -5.07700127030000     
  -5.06999209400000     
  -5.06263334560000     
  -5.05500136930000     
  -5.04717428280000     
  -5.03921622320000     
  -5.03117840820000     
  -5.02310246240000     
  -5.02649198990000     
  -5.03602179220000     
  -5.04536724160000     
  -5.05446309360000     
  -5.06324779120000     
  -5.07172153530000     
  -5.08010013700000     
  -5.08917857200000     
  -5.10082071740000     
  -5.11717252220000     
  -5.13698486860000     
  -5.15843493510000     
  -5.18108032220000     
  -5.20469644320000     
  -5.22904530030000     
  -5.25388536420000     
  -5.27898239830000     
  -5.30411624330000     
  -5.32909088450000     
  -5.35373330330000     
  -5.37789669170000     
  -5.40145706990000     
  -5.42431048310000     
  -5.44637175520000     
  -5.46757117820000     
  -5.48785330870000     
  -5.50717495960000     
  -5.52550366470000     
  -5.54281557370000     
  -5.55909580920000     
  -5.57433636390000     
  -5.58853751060000     
  -5.60170762940000     
  -5.61386223070000     
  -5.62502570270000     
  -5.63522943460000     
  -5.64450911450000     
  -5.65290278350000     
  -5.66045065760000     
  -5.66719617920000     
  -5.67318202030000     
  -5.67845086600000     
  -5.68304129890000     
  -5.68699260200000     
  -5.69034046960000     
  -5.69311668590000     
  -5.69534886140000     
  -5.69705937690000     
  -5.69826820660000     
  -5.69898805120000     
  -5.69922746080000     
  -5.69898805040000     
  -5.69826820490000     
  -5.69705937420000     
  -5.69534885750000     
  -5.69311668040000     
  -5.69034046200000     
  -5.68699259200000     
  -5.68304128610000     
  -5.67845084970000     
  -5.67318200010000     
  -5.66719615460000     
  -5.66045062820000     
  -5.65290274880000     
  -5.64450907430000     
  -5.63522938850000     
  -5.62502565060000     
  -5.61386217260000     
  -5.60170756560000     
  -5.58853744150000     
  -5.57433629000000     
  -5.55909573140000     
  -5.54281549300000     
  -5.52550358240000     
  -5.50717487720000     
  -5.48785322790000     
  -5.46757110080000     
  -5.44637168320000     
  -5.42431041870000     
  -5.40145701540000     
  -5.37789664990000     
  -5.35373327700000     
  -5.32909087680000     
  -5.30411625740000     
  -5.27898243790000     
  -5.25388543310000     
  -5.22904540260000     
  -5.20469658300000     
  -5.18108050350000     
  -5.15843516120000     
  -5.13698514250000     
  -5.11717286030000     
  -5.10082117440000     
  -5.08917912910000     
  -5.08010073460000     
  -5.07172213840000     
  -5.06324838330000     
  -5.05446366780000     
  -5.04536779450000     
  -5.03602232120000     
  -4.91190497580000     
  -4.95805435720000     
  -4.99978357660000     
  -5.03773690170000     
  -5.07248577180000     
  -5.10452632590000     
  -5.13427832900000     
  -5.16208635180000     
  -5.18822400450000     
  -5.21289747650000     
  -5.23624580600000     
  -5.25824305000000     
  -5.27874549440000     
  -5.29760825520000     
  -5.31469236370000     
  -5.32986989430000     
  -5.34302824020000     
  -5.35407360490000     
  -5.36293761760000     
  -5.36960640480000     
  -5.37414870810000     
  -5.37668170550000     
  -5.37733331000000     
  -5.37623979820000     
  -5.37355871150000     
  -5.36949138040000     
  -5.36433738910000     
  -5.35861551940000     
  -5.35336093920000     
  -5.35071844370000     
  -5.35403687740000     
  -5.36513259720000     
  -5.38264558460000     
  -5.40435916130000     
  -5.42854691130000     
  -5.45403207680000     
  -5.48000095950000     
  -5.50585242090000     
  -5.53109640420000     
  -5.55533602060000     
  -5.57828616670000     
  -5.59973252080000     
  -5.61948050060000     
  -5.63735906530000     
  -5.65321996550000     
  -5.66692569570000     
  -5.67834620310000     
  -5.68737450710000     
  -5.69391844640000     
  -5.69789276330000     
  -5.69922746080000     
  -5.69787105110000     
  -5.69378420540000     
  -5.68693993740000     
  -5.67731182480000     
  -5.66489088590000     
  -5.64969716020000     
  -5.63177932810000     
  -5.61121780620000     
  -5.58812235670000     
  -5.56263541250000     
  -5.53492432500000     
  -5.50518488540000     
  -5.47363735250000     
  -5.44052498410000     
  -5.40611134510000     
  -5.37068198420000     
  -5.33454471060000     
  -5.29802179850000     
  -5.26144105750000     
  -5.22513085080000     
  -5.18941815750000     
  -5.15462571050000     
  -5.12106941480000     
  -5.08905692180000     
  -5.05888594910000     
  -5.03082922340000     
  -5.00512750340000     
  -4.98198189620000     
  -4.96154022910000     
  -4.94391296790000     
  -4.92947139930000     
  -4.91959908000000     
  -4.91562035540000     
  -4.91821241300000     
  -4.92318681210000     
  -4.92921090040000     
  -4.93574018880000     
  -4.94216232670000     
  -4.94796245470000     
  -4.95287730740000     
  -4.95682303580000     
  -4.95980053920000     
  -4.96185729940000     
  -4.96307502120000     
  -4.96355700500000     
  -4.96341503780000     
  -4.96276726900000     
  -4.96173449070000     
  -4.96043416670000     
  -5.00257999850000     
  -5.02221801630000     
  -5.04116358770000     
  -5.05940939450000     
  -5.07686648020000     
  -5.09343355200000     
  -5.10900957700000     
  -5.12350057550000     
  -5.13685409570000     
  -5.14906968820000     
  -5.16016544210000     
  -5.17014927870000     
  -5.17902612790000     
  -5.18680597640000     
  -5.19351043180000     
  -5.19917416660000     
  -5.20384161880000     
  -5.20756662410000     
  -5.21044533690000     
  -5.21262128020000     
  -5.21424945250000     
  -5.21547843250000     
  -5.21646977690000     
  -5.21743144720000     
  -5.21868423770000     
  -5.22079246480000     
  -5.22478983890000     
  -5.23232841420000     
  -5.24503517670000     
  -5.26324923030000     
  -5.28605361540000     
  -5.31219302900000     
  -5.34055992140000     
  -5.37027662830000     
  -5.40065380270000     
  -5.43113098790000     
  -5.46122959620000     
  -5.49054398320000     
  -5.51874316120000     
  -5.54555884230000     
  -5.57075418160000     
  -5.59411788840000     
  -5.61546537140000     
  -5.63463842650000     
  -5.65149800950000     
  -5.66592739860000     
  -5.67783482260000     
  -5.68715737460000     
  -5.69385068140000     
  -5.69788193990000     
  -5.69922746080000     
  -5.69788199940000     
  -5.69385121550000     
  -5.68715924800000     
  -5.67783941170000     
  -5.66593654990000     
  -5.65151397220000     
  -5.63466383600000     
  -5.61550315350000     
  -5.59417107450000     
  -5.57082592190000     
  -5.54565236720000     
  -5.51886188010000     
  -5.49069128990000     
  -5.46140927490000     
  -5.43134835540000     
  -5.40091592380000     
  -5.37059258150000     
  -5.34094184900000     
  -5.31265851610000     
  -5.28662888430000     
  -5.26397192840000     
  -5.24595091250000     
  -5.23346750710000     
  -5.22613358580000     
  -5.22228811190000     
  -5.22028431250000     
  -5.21910273800000     
  -5.21818842460000     
  -5.21722563760000     
  -5.21600896200000     
  -5.21437813630000     
  -5.21218516380000     
  -5.20927547470000     
  -5.20550640040000     
  -5.20078296580000     
  -5.19505187050000     
  -5.18826955770000     
  -5.18040276010000     
  -5.17143150420000     
  -5.16134746390000     
  -5.15014721940000     
  -5.13782415770000     
  -5.12436116980000     
  -5.10975787630000     
  -5.09406465730000     
  -5.07737530660000     
  -5.05979109510000     
  -5.04141358510000     
  -5.02232682630000     
  -4.94915663760000     
  -4.94649920340000     
  -4.94322758400000     
  -4.93938249660000     
  -4.93507538670000     
  -4.93049490250000     
  -4.92584082760000     
  -4.92127772000000     
  -4.91693466820000     
  -4.91290151710000     
  -4.90922615650000     
  -4.90591108060000     
  -4.90291428910000     
  -4.90018260070000     
  -4.89770352190000     
  -4.89545644400000     
  -4.89336325120000     
  -4.89587173340000     
  -4.92474129510000     
  -4.95748209930000     
  -4.99161102800000     
  -5.02685382910000     
  -5.06293767740000     
  -5.09959588140000     
  -5.13656867870000     
  -5.17360975120000     
  -5.21049270310000     
  -5.24701006910000     
  -5.28296866840000     
  -5.31818865790000     
  -5.35250155030000     
  -5.38574757820000     
  -5.41777403160000     
  -5.44843332590000     
  -5.47758528920000     
  -5.50509845650000     
  -5.53085179510000     
  -5.55475205580000     
  -5.57674927160000     
  -5.59684057460000     
  -5.61504024920000     
  -5.63137121130000     
  -5.64586251340000     
  -5.65854612940000     
  -5.66945549870000     
  -5.67862284270000     
  -5.68607822800000     
  -5.69184785430000     
  -5.69595302930000     
  -5.69840966700000     
  -5.69922746080000     
  -5.69840966310000     
  -5.69595302150000     
  -5.69184784240000     
  -5.68607821180000     
  -5.67862282190000     
  -5.66945547310000     
  -5.65854609860000     
  -5.64586247720000     
  -5.63137116920000     
  -5.61504020070000     
  -5.59684051950000     
  -5.57674920950000     
  -5.55475198640000     
  -5.53085171810000     
  -5.50509837200000     
  -5.47758519720000     
  -5.44843322680000     
  -5.41777392580000     
  -5.38574746610000     
  -5.35250143250000     
  -5.31818853470000     
  -5.28296854070000     
  -5.24700993740000     
  -5.21049256800000     
  -5.17360961350000     
  -5.13656853910000     
  -5.09959574060000     
  -5.06293753600000     
  -5.02685368780000     
  -4.99161088730000     
  -4.95748195970000     
  -4.92474115720000     
  -4.89587166140000     
  -4.89336329810000     
  -4.89545649040000     
  -4.89770356720000     
  -4.90018264430000     
  -4.90291433050000     
  -4.90591111970000     
  -4.90922619360000     
  -4.91290155230000     
  -4.91693470180000     
  -4.92127775210000     
  -4.92584085830000     
  -4.93049493190000     
  -4.93507541460000     
  -4.93938252320000     
  -4.94322760950000     
  -4.94649922770000     
  -4.79211732020000     
  -4.80512196740000     
  -4.81864299350000     
  -4.83265293960000     
  -4.84712026620000     
  -4.86201123340000     
  -4.87729549250000     
  -4.89301333080000     
  -4.90942073920000     
  -4.92686023880000     
  -4.94560133680000     
  -4.96582413910000     
  -4.98762726100000     
  -5.01103458620000     
  -5.03600164570000     
  -5.06242319280000     
  -5.09014179320000     
  -5.11895607770000     
  -5.14862838770000     
  -5.17889249950000     
  -5.20946211830000     
  -5.24003990190000     
  -5.27032641600000     
  -5.30002872500000     
  -5.32886914720000     
  -5.35659400620000     
  -5.38298178520000     
  -5.40786526310000     
  -5.43114737180000     
  -5.45280217640000     
  -5.47286612250000     
  -5.49142968100000     
  -5.50862678320000     
  -5.52462425860000     
  -5.53960978790000     
  -5.55377893420000     
  -5.56732279490000     
  -5.58040608760000     
  -5.59315249100000     
  -5.60563723140000     
  -5.61788362920000     
  -5.62986246120000     
  -5.64149386990000     
  -5.65265126430000     
  -5.66316521770000     
  -5.67283030540000     
  -5.68141034000000     
  -5.68864113080000     
  -5.69423756120000     
  -5.69789548050000     
  -5.69922746080000     
  -5.69769484490000     
  -5.69261372490000     
  -5.68321043680000     
  -5.66866580810000     
  -5.64812275020000     
  -5.62069483430000     
  -5.58548218030000     
  -5.54157123590000     
  -5.48807103600000     
  -5.42409857510000     
  -5.34876663510000     
  -5.26116592130000     
  -5.15989661610000     
  -5.04288689600000     
  -4.90751874990000     
  -4.75055430830000     
  -4.56782887280000     
  -4.35405475140000     
  -4.10265670810000     
  -3.80557233280000     
  -3.45290910990000     
  -3.03299730670000     
  -2.53262194250000     
  -1.93845096380000     
  -1.24143854600000     
 -0.445926908900000     
  0.417643547900000     
   1.20027496920000     
   2.07660297200000     
   3.15502102620000     
   4.51475537140000     
   6.21816418780000     
   8.31827711980000     
   10.8711412225000     
   13.9474802543000     
   17.6439453559000     
   17.6439453559000     
   17.6439453559000     
   17.6439453559000     
   16.5849400077000     
   13.0755802157000     
   10.1537753669000     
   7.73120864830000     
   5.74181829660000     
   4.13069721370000     
   2.84172150370000     
   1.80591355200000     
  0.939638342000000     
  0.165416797200000     
  -4.10063191030000     
  -4.36883761550000     
  -4.56350486970000     
  -4.70420039000000     
  -4.80535117030000     
  -4.87770612830000     
  -4.92946915860000     
  -4.96715706960000     
  -4.99593357600000     
  -5.01914368680000     
  -5.03795286510000     
  -5.05348577150000     
  -5.06711960250000     
  -5.08002898510000     
  -5.09320863080000     
  -5.10752352500000     
  -5.12361758260000     
  -5.14163567300000     
  -5.16121970920000     
  -5.18227457550000     
  -5.20473713120000     
  -5.22846455030000     
  -5.25324777520000     
  -5.27883298350000     
  -5.30494586430000     
  -5.33131172990000     
  -5.35767400170000     
  -5.38379449000000     
  -5.40946221990000     
  -5.43449732440000     
  -5.45874361990000     
  -5.48207216930000     
  -5.50438070350000     
  -5.52559034960000     
  -5.54564242170000     
  -5.56449432850000     
  -5.58211699050000     
  -5.59849228590000     
  -5.61361113530000     
  -5.62747129790000     
  -5.64007613360000     
  -5.65143271280000     
  -5.66155095010000     
  -5.67044213760000     
  -5.67811829710000     
  -5.68459154260000     
  -5.68987285480000     
  -5.69397098860000     
  -5.69689300490000     
  -5.69864411250000     
  -5.69922746080000     
  -5.69864411120000     
  -5.69689300380000     
  -5.69397099060000     
  -5.68987286430000     
  -5.68459156520000     
  -5.67811833960000     
  -5.67044220820000     
  -5.66155105780000     
  -5.65143286740000     
  -5.64007634530000     
  -5.62747157720000     
  -5.61361149240000     
  -5.59849273060000     
  -5.58211753150000     
  -5.56449497290000     
  -5.54564317430000     
  -5.52559121260000     
  -5.50438167510000     
  -5.48207324330000     
  -5.45874478450000     
  -5.43449856100000     
  -5.40946350270000     
  -5.38379578530000     
  -5.35767526780000     
  -5.33131291750000     
  -5.30494691690000     
  -5.27883384180000     
  -5.25324838080000     
  -5.22846484830000     
  -5.20473707940000     
  -5.18227415380000     
  -5.16121893020000     
  -5.14163458120000     
  -5.12361623540000     
  -5.10752199080000     
  -5.09320702670000     
  -5.08002751980000     
  -5.06711860620000     
  -5.05348569040000     
  -5.03795430590000     
  -5.01914747750000     
  -4.99594081730000     
  -4.96716933070000     
  -4.92948853030000     
  -4.87773539050000     
  -4.80539416920000     
  -4.70426246220000     
  -4.56359340850000     
  -4.36896286340000     
  -5.13038725380000     
  -5.13129330100000     
  -5.13199276800000     
  -5.13255087720000     
  -5.13304029010000     
  -5.13351802130000     
  -5.13405139120000     
  -5.13472636890000     
  -5.13562738200000     
  -5.13685309560000     
  -5.13860752880000     
  -5.14114360420000     
  -5.14469815480000     
  -5.14952916440000     
  -5.15589362340000     
  -5.16400336120000     
  -5.17403471840000     
  -5.18610812480000     
  -5.20025017100000     
  -5.21639883010000     
  -5.23441631330000     
  -5.25409888320000     
  -5.27519358500000     
  -5.29742587140000     
  -5.32052142040000     
  -5.34420499250000     
  -5.36821253230000     
  -5.39229957550000     
  -5.41623788300000     
  -5.43982122430000     
  -5.46286735520000     
  -5.48521753360000     
  -5.50674064800000     
  -5.52732945190000     
  -5.54689822910000     
  -5.56538071730000     
  -5.58272651660000     
  -5.59889902530000     
  -5.61387305610000     
  -5.62763294260000     
  -5.64017077230000     
  -5.65148461470000     
  -5.66157713270000     
  -5.67045429070000     
  -5.67812377230000     
  -5.68459417810000     
  -5.68987417170000     
  -5.69397164640000     
  -5.69689328750000     
  -5.69864418420000     
  -5.69922746080000     
  -5.69864418300000     
  -5.69689328640000     
  -5.69397164780000     
  -5.68987417940000     
  -5.68459419690000     
  -5.67812380830000     
  -5.67045435100000     
  -5.66157722570000     
  -5.65148474970000     
  -5.64017095960000     
  -5.62763319340000     
  -5.61387338230000     
  -5.59889943930000     
  -5.58272703120000     
  -5.56538134550000     
  -5.54689898350000     
  -5.52733034480000     
  -5.50674169080000     
  -5.48521873680000     
  -5.46286872760000     
  -5.43982277200000     
  -5.41623960910000     
  -5.39230147890000     
  -5.36821460750000     
  -5.34420722940000     
  -5.32052380230000     
  -5.29742837360000     
  -5.27519617480000     
  -5.25410152020000     
  -5.23441895180000     
  -5.21640141840000     
  -5.20025265400000     
  -5.18611044720000     
  -5.17403682910000     
  -5.16400521450000     
  -5.15589518050000     
  -5.14953039290000     
  -5.14469902530000     
  -5.14114408840000     
  -5.13860760040000     
  -5.13685272820000     
  -5.13562654600000     
  -5.13472503180000     
  -5.13404952090000     
  -5.13351558360000     
  -5.13303725460000     
  -5.13254721960000     
  -5.13198847410000     
  -5.13128836790000     
  -5.04231676770000     
  -5.05214706020000     
  -5.06230903530000     
  -5.07291722690000     
  -5.08410840020000     
  -5.09603150110000     
  -5.10880011230000     
  -5.12248200150000     
  -5.13711670410000     
  -5.15271005120000     
  -5.16924977510000     
  -5.18668442200000     
  -5.20493257780000     
  -5.22388918290000     
  -5.24343823840000     
  -5.26345264780000     
  -5.28379238190000     
  -5.30432738970000     
  -5.32492292880000     
  -5.34545365540000     
  -5.36581029950000     
  -5.38589874340000     
  -5.40563985130000     
  -5.42496553320000     
  -5.44381428160000     
  -5.46213709930000     
  -5.47989197620000     
  -5.49704948870000     
  -5.51358657290000     
  -5.52948597500000     
  -5.54472777620000     
  -5.55929603410000     
  -5.57317897860000     
  -5.58637177490000     
  -5.59886831430000     
  -5.61066550390000     
  -5.62175688280000     
  -5.63213508060000     
  -5.64179617380000     
  -5.65073596700000     
  -5.65894858540000     
  -5.66642972060000     
  -5.67317167970000     
  -5.67916468610000     
  -5.68440029680000     
  -5.68886766130000     
  -5.69255484840000     
  -5.69544888770000     
  -5.69753651070000     
  -5.69880182670000     
  -5.69922746080000     
  -5.69879453050000     
  -5.69748361570000     
  -5.69527281140000     
  -5.69213940760000     
  -5.68806105450000     
  -5.68301487330000     
  -5.67697298150000     
  -5.66990750310000     
  -5.66179626260000     
  -5.65260953540000     
  -5.64232112580000     
  -5.63091012500000     
  -5.61834872200000     
  -5.60461643300000     
  -5.58969962620000     
  -5.57357835160000     
  -5.55624136830000     
  -5.53768940300000     
  -5.51792235620000     
  -5.49695441790000     
  -5.47481003210000     
  -5.45152441680000     
  -5.42715205740000     
  -5.40175800330000     
  -5.37544004220000     
  -5.34831794400000     
  -5.32053425710000     
  -5.29225070570000     
  -5.26363825760000     
  -5.23488473500000     
  -5.20617942900000     
  -5.17769341120000     
  -5.14957068560000     
  -5.12191003650000     
  -5.09502386540000     
  -5.08428674330000     
  -5.08996827030000     
  -5.09412693170000     
  -5.09506025520000     
  -5.09188511720000     
  -5.08336101940000     
  -5.06776969420000     
  -5.04274984670000     
  -5.00508005860000     
  -4.95038174230000     
  -4.87272407970000     
  -4.76409078800000     
  -4.61366205790000     
  -4.40685042020000     
  -5.07288595950000     
  -5.07563566480000     
  -5.07809963420000     
  -5.08030199300000     
  -5.08225789410000     
  -5.08397242320000     
  -5.08543409170000     
  -5.08662526460000     
  -5.08753798090000     
  -5.08842007200000     
  -5.09250920820000     
  -5.10589089340000     
  -5.12589447220000     
  -5.14733148250000     
  -5.16942359960000     
  -5.19202222770000     
  -5.21501826130000     
  -5.23830910790000     
  -5.26178700330000     
  -5.28534544920000     
  -5.30887691650000     
  -5.33227801880000     
  -5.35544400550000     
  -5.37828041390000     
  -5.40068966760000     
  -5.42258610560000     
  -5.44388775910000     
  -5.46452714020000     
  -5.48444321710000     
  -5.50358509350000     
  -5.52190895100000     
  -5.53938543550000     
  -5.55598566650000     
  -5.57168401890000     
  -5.58647195030000     
  -5.60034255560000     
  -5.61328258760000     
  -5.62529172350000     
  -5.63637584730000     
  -5.64653669680000     
  -5.65577683160000     
  -5.66410667400000     
  -5.67153363950000     
  -5.67806312630000     
  -5.68370332530000     
  -5.68846269190000     
  -5.69234673030000     
  -5.69536102060000     
  -5.69751026660000     
  -5.69879825930000     
  -5.69922746080000     
  -5.69879832270000     
  -5.69751080380000     
  -5.69536286430000     
  -5.69235111870000     
  -5.68847123750000     
  -5.68371804280000     
  -5.67808646300000     
  -5.67156849230000     
  -5.66415616980000     
  -5.65584450140000     
  -5.64662660630000     
  -5.63649228530000     
  -5.62543906590000     
  -5.61346586740000     
  -5.60056706780000     
  -5.58674270110000     
  -5.57200627640000     
  -5.55636534100000     
  -5.53982819960000     
  -5.52241963550000     
  -5.50416932400000     
  -5.48510641740000     
  -5.46527396000000     
  -5.44472208690000     
  -5.42351221380000     
  -5.40170986840000     
  -5.37939747420000     
  -5.35665898220000     
  -5.33359131940000     
  -5.31028777490000     
  -5.28685322980000     
  -5.26338825410000     
  -5.24000193360000     
  -5.21679863510000     
  -5.19388789000000     
  -5.17137251050000     
  -5.14936519860000     
  -5.12802053040000     
  -5.10803097460000     
  -5.09416672090000     
  -5.08952976400000     
  -5.08845297510000     
  -5.08741179720000     
  -5.08608910160000     
  -5.08449201200000     
  -5.08264046740000     
  -5.08054733110000     
  -5.07820716180000     
  -5.07560649490000     
  -5.27526634670000     
  -5.29292398200000     
  -5.31074563930000     
  -5.32867173830000     
  -5.34664922530000     
  -5.36462829900000     
  -5.38254413210000     
  -5.40033597460000     
  -5.41794983330000     
  -5.43532761250000     
  -5.45240629000000     
  -5.46913033650000     
  -5.48544552310000     
  -5.50130054180000     
  -5.51664577770000     
  -5.53143118600000     
  -5.54561623900000     
  -5.55916298170000     
  -5.57204395440000     
  -5.58423242340000     
  -5.59571513970000     
  -5.60647943490000     
  -5.61652720010000     
  -5.62585959840000     
  -5.63448487320000     
  -5.64241286800000     
  -5.64966316420000     
  -5.65625950990000     
  -5.66222478710000     
  -5.66758413170000     
  -5.67236862560000     
  -5.67661386290000     
  -5.68035228720000     
  -5.68361764680000     
  -5.68644603570000     
  -5.68887555390000     
  -5.69094228550000     
  -5.69268166950000     
  -5.69412919180000     
  -5.69531953170000     
  -5.69628541380000     
  -5.69705773050000     
  -5.69766558220000     
  -5.69813571820000     
  -5.69849208680000     
  -5.69875604950000     
  -5.69894622570000     
  -5.69907812770000     
  -5.69916386770000     
  -5.69921197310000     
  -5.69922746080000     
  -5.69921197300000     
  -5.69916386760000     
  -5.69907812750000     
  -5.69894622540000     
  -5.69875604910000     
  -5.69849208610000     
  -5.69813571730000     
  -5.69766558100000     
  -5.69705772890000     
  -5.69628541170000     
  -5.69531952910000     
  -5.69412918860000     
  -5.69268166560000     
  -5.69094228070000     
  -5.68887554820000     
  -5.68644602910000     
  -5.68361763900000     
  -5.68035227830000     
  -5.67661385260000     
  -5.67236861400000     
  -5.66758411870000     
  -5.66222477250000     
  -5.65625949370000     
  -5.64966314630000     
  -5.64241284830000     
  -5.63448485180000     
  -5.62585957520000     
  -5.61652717500000     
  -5.60647940790000     
  -5.59571511080000     
  -5.58423239270000     
  -5.57204392180000     
  -5.55916294730000     
  -5.54561620280000     
  -5.53143114820000     
  -5.51664573830000     
  -5.50130050090000     
  -5.48544548090000     
  -5.46913029300000     
  -5.45240624550000     
  -5.43532756700000     
  -5.41794978690000     
  -5.40033592750000     
  -5.38254408440000     
  -5.36462825100000     
  -5.34664917690000     
  -5.32867168980000     
  -5.31074559090000     
  -5.29292393370000     
