  0.499129309726971      -5.105350723957686E-002 -0.417287060266685     
  0.444525381272874      -5.304047439345261E-002 -0.416355359094752     
  0.152284416277460      -1.759314262612067E-002 -0.108427572775361     
  0.143630839833103      -1.492012650892797E-002 -0.124697613819945     
  0.149767880562774      -1.058571581222721E-002 -0.123033919766669     
  0.125702481160368      -1.252892122882172E-002 -0.131734794418530     
  0.126135954327133      -1.695103297560050E-002 -0.115072957170244     
  0.121876415536275      -1.629123188320296E-002 -0.114708038380611     
 -0.393377921883836      -0.508766778411581      -0.270905350966892     
 -0.151892204472774      -0.337948686685197      -0.270537228159146     
 -0.129154301771266      -1.789666498786386E-002 -0.120537896715917     
 -1.128063235138851E-002 -0.232010068128262      -2.634529814890492E-002
 -0.253416068817382      -0.228203510137764      -8.229568642522288E-002
 -2.442639902181562E-002 -0.208560379062572      -2.928788951800125E-002
 -0.133742095784312      -2.269117258122648E-002 -0.131594213032315     
  8.275586358213254E-002 -2.195964312194813E-002 -7.279003903879078E-002
 -5.095577293278856E-002  6.725189727539867E-002  0.112848678249481     
  0.335589287384035       0.326280590724397       0.112553099946482     
 -4.482555122953683E-002  0.318979204685655      -4.265995039700239E-002
  0.232969721292837      -0.159062769980691       0.112517106471978     
 -0.320342511290511      -0.160427113285715       2.616385841181422E-002
  0.125562755856853      -0.213844870324411       0.105289793457605     
 -0.156637104688946       0.277590205649945      -4.726644812921370E-002
  0.408679318589725       0.276836780204372       3.847425133303721E-002
 -0.471010266545629       9.053470919582642E-002 -6.710075432728793E-002
  0.445436282443079       0.123540450552053      -6.945835731449623E-002
 -0.204470812186683      -0.161364581484827      -0.193766098278003     
 -0.364511520641439       0.115261116872493       7.626138822015635E-002
 -4.581365402394538E-002  0.115725394020380       6.332914040657986E-002
  0.198256365942849       0.220733151381317       0.156185384975273     
  0.355817473416695      -5.354825966433970E-002 -0.114615935890526     
  3.946797009910108E-002 -5.292329609625534E-002 -0.103416916818578     
  0.210396038394061      -0.466769728038080       0.370318949265168     
  0.362983880072707      -0.343544261491311       0.369359491528183     
  4.599539780940622E-002 -0.186770295134764       7.378469683297395E-002
  1.083278332671258E-002 -0.117741876013352       0.137504194589409     
  8.920438952503625E-002 -0.123679140116698       0.100426696770350     
  0.115023432749259      -4.179439671007580E-002  0.133522247796863     
  0.156060074502553      -0.111119283233887       6.819702254287179E-002
  7.625355153806782E-002 -0.113043076459284       0.114433238349145     
 -7.121841042160838E-002  0.432056867029925       2.799613224577739E-002
  0.119765742681441      -0.567536073143071       2.620072533261844E-002
 -3.525350707532092E-002  0.294746388246859      -2.881761496178522E-002
  4.766974606975173E-002  0.152251635659777      -0.139267157700999     
 -0.117104813251530       0.151912063676731       0.193471173435045     
  4.903994715941189E-002 -0.332269084503041       4.425046578192070E-002
 -3.305516389386310E-002 -0.191536935528621       0.154859896837128     
  0.130600364916259      -0.191881730434154      -0.178670516046912     
 -6.436860144403503E-003 -1.127379955892496E-002 -5.002471851675022E-003
 -6.482101616363343E-003 -1.136108956228165E-002 -4.983767452070931E-003
 -1.871755550303675E-003 -0.411570173122016      -1.485612080514423E-003
 -0.355105467093361       0.201169089356509      -1.130974563417875E-003
  0.351502215071449       0.200713655330609      -1.551263251869803E-003
 -1.913838553767578E-003 -0.411610969796847      -1.506988899311103E-003
 -0.355108076960526       0.201156377114976      -1.116730348623040E-003
  0.351485867716605       0.200652024833451      -1.574890909102886E-003
 -5.248030142326703E-002  0.149265784532649       1.593565270131431E-003
 -5.276709647401517E-002  0.150057720338522       1.421140947214258E-003
  5.221464252310540E-002 -0.211072849957051       0.168013959680864     
  9.971410183674277E-002 -0.171405396748623       0.319293578528521     
  3.995022462675004E-002 -0.148071066815356      -0.485155206142952     
  5.212462915975833E-002 -0.210620547548200       0.167610216492856     
  9.947471147611769E-002 -0.171082119512400       0.318630336962409     
  3.991584487357815E-002 -0.147841279311227      -0.484431272268436     
 -0.150566711147217      -5.273076753261391E-002  1.324461365913968E-003
 -0.151358081929979      -5.301465925797193E-002  1.176263073583258E-003
  0.143301656783161       7.630034519371855E-002  0.465136431714462     
  0.182091491214726       2.768388113332834E-002 -0.376506272450590     
  0.204074506661083       8.772969090489038E-002 -8.673907325291262E-002
  0.143074851944644       7.613742750935067E-002  0.464238244274365     
  0.181740650346352       2.769337560859289E-002 -0.375953335031654     
  0.203650162485010       8.752147315110480E-002 -8.668649888497605E-002
  2.215306744952040E-003 -1.291317020557710E-003  0.578697566541942     
 -2.085774411874500E-003  1.217509127433255E-003 -0.582191499246365     
  2.727994947906215E-002 -3.243745513814026E-004  0.235664096838484     
 -1.252051588333549E-002 -2.419763894445028E-002  0.235414757415167     
 -1.329746037909676E-002  2.367340372121552E-002  0.235178570925014     
 -2.081679086179184E-002  3.639238774194471E-004 -0.228781249773599     
  9.141171994855634E-003  1.859217267183325E-002 -0.228302386585320     
  9.949831805574511E-003 -1.795778102852402E-002 -0.227842659496049     
 -0.112051746692782       0.398852256915595      -1.559788310661160E-003
  0.112005470345710      -0.398680127435369       1.783755904459479E-003
  1.353825750017820E-002 -0.218907119721088       0.111584691553581     
  0.125452507455861      -0.110832961771496       0.284869337058391     
 -2.670854405236322E-002 -6.456533641944778E-002 -0.391711060592194     
 -1.354672057509717E-002  0.219749745172740      -0.111781472250880     
 -0.126020454002951       0.111108366045550      -0.285131130600981     
  2.697665092984928E-002  6.452885825869367E-002  0.391702927749810     
  0.398927656838509       0.112087274036045       1.573200041525473E-003
 -0.398752557293124      -0.112041482004275      -1.793830258828622E-003
 -4.595755866939738E-002 -6.211500535104083E-002 -0.393179101801167     
 -0.151454239831901       5.100769699019974E-002  0.289676246501403     
 -0.195059656986347      -0.100822732191611       9.877255375764242E-002
  4.587797139952167E-002  6.235207115742816E-002  0.393480463939203     
  0.151915827251787      -5.142567585006111E-002 -0.289634790408400     
  0.195756607467397       0.101309645186146      -9.865760578975295E-002
  1.402553421758137E-003 -7.951025106529271E-004 -0.291376816915185     
  1.791449471296381E-003 -1.016498960341461E-003 -0.287753117572863     
  0.143031597815964      -9.508242997117016E-004  0.334252571477431     
 -7.056842083249440E-002 -0.125631836140222       0.335058521475349     
 -7.182529956299021E-002  0.126145729332609       0.335848264349954     
  0.153663761055327      -7.803499425452350E-004  0.346015811488463     
 -7.623596649580533E-002 -0.134688518124799       0.347065230901960     
 -7.733566482861774E-002  0.135343093680591       0.348092122428233     
 -4.153846008457949E-003  2.335992171232862E-003  0.385617295182023     
  4.057606151880418E-003 -2.281182627832556E-003 -0.384969345912375     
 -0.158779428280719      -1.530009778829970E-003 -0.309054153689958     
  8.268856623044203E-002  0.136212933327740      -0.310266966656062     
  8.144831113434495E-002 -0.137598336974500      -0.311524227225479     
  0.148989816996618       1.486211062606764E-003  0.299376966808397     
 -7.766639974879791E-002 -0.127763027194426       0.300533055100083     
 -7.647479206913704E-002  0.129075221896645       0.301733745881015     
  1.589260768560758E-002 -6.106714781338280E-002  1.380786970805781E-003
 -1.575930982424025E-002  6.063540606927266E-002 -1.442873531138387E-003
  2.776061035311074E-002  0.465963393247784       6.918735987897040E-002
 -0.329973663517495       9.025379919875644E-002  0.215868534341270     
  0.174595969365240      -3.208382005231347E-002 -0.287155728396734     
 -2.741854358182113E-002 -0.461524447196671      -6.871792087387185E-002
  0.326707105743047      -8.948796868022992E-002 -0.214663243515043     
 -0.172898163880796       3.160559315767474E-002  0.285680428961466     
  6.379396110303787E-002  1.666244835800219E-002  1.556454503583221E-003
 -6.342083358852185E-002 -1.653583184268895E-002 -1.621313423426225E-003
  0.115602117166163      -0.113113819457279       0.288537837162754     
 -0.259756556184322       0.244813878184580      -0.205825862002113     
 -0.381755695743973      -0.259818289505310      -8.519453276405890E-002
 -0.114362773635316       0.112001976711733      -0.287030488946335     
  0.257517705473691      -0.242513608968031       0.204835725045532     
  0.378277587290794       0.257435327551795       8.487710133527378E-002
  4.096172798891488E-002 -0.157790764698095      -3.581665083902762E-004
  4.078591734164606E-002 -0.157107255228453      -3.774491986283694E-004
  3.022964743024143E-002  0.482518409285808       5.610598544688424E-002
 -0.345273918077798       9.858418406165882E-002  0.160719112237687     
  0.174526441835004      -3.345243273841227E-002 -0.214741520698523     
  3.057774035073210E-002  0.486488797786939       5.675822485209207E-002
 -0.348195905335243       9.909589712920709E-002  0.162711372921535     
  0.176174691981593      -3.393717560286422E-002 -0.217217722286839     
  0.159360980020583       4.138649260411881E-002 -3.359560759502530E-004
  0.158675292683290       4.121338639661724E-002 -3.561706385578165E-004
  0.117201847595897      -0.123404181464823       0.217461791227999     
 -0.266597861089581       0.250491568739828      -0.155728451620123     
 -0.399250446278385      -0.267841660715411      -5.970994621759744E-002
  0.118487112317001      -0.124303140787322       0.219950332179685     
 -0.268607520504909       0.252622930690495      -0.157387628092360     
 -0.402298930779012      -0.269974335310817      -6.037022320922575E-002
 -2.471397160145695E-004  9.833460531696574E-005 -0.119004328900527     
 -3.414761558119277E-004  1.515590257153042E-004 -0.119415635176252     
 -0.375944762295760       1.428776002513674E-005  0.136212244047775     
  0.188952480642719       0.326212197969661       0.135366216733875     
  0.188862201729463      -0.327152842896248       0.134414080873108     
 -0.381638839973992       1.767061504353362E-005  0.131049182582125     
  0.191902374365662       0.331325690924144       0.130270050501675     
  0.191911382560217      -0.332442077222247       0.129381562953828     
  4.502616769151031E-004 -1.862823135746338E-004  0.120961577152543     
 -3.244583599937007E-004  1.145030138587737E-004 -0.120840097004111     
  0.378780063273077      -1.409256135065497E-005 -0.138328981203359     
 -0.190497079078155      -0.328924823544590      -0.137541786802474     
 -0.190469720883887       0.329945042149843      -0.136579685651188     
 -0.373357954589459       1.015479197834993E-005  0.143270826456071     
  0.187647020700069       0.323981130747657       0.142384804737931     
  0.187480697412409      -0.324758603241272       0.141325964494984     
 -3.147620878429957E-002  0.213586040181609      -9.868453110802176E-006
  3.157003516702753E-002 -0.213100122374392      -1.810140038652222E-005
  7.517515656043368E-002  1.334379499487240E-002 -2.861005517139042E-002
 -0.208965522745141      -0.345130170248328      -0.153274346586265     
  0.243485528394759      -0.410730908448765       0.183377380965545     
 -7.545174162262949E-002 -1.293936551418248E-002  2.879787835975392E-002
  0.208148857460322       0.344206758975689       0.153239919366096     
 -0.242740931791196       0.409761914032770      -0.183419796185520     
 -0.213517102669067      -3.142379968860675E-002  4.810702421164180E-005
  0.212991788118585       3.155128076473265E-002 -8.405370096808179E-005
  0.509251760558277      -1.962683222641880E-003 -0.193756068722974     
  0.149292290216878       0.281487942711788       0.122888524191598     
  8.245089204300815E-002 -0.170521112105285       7.254964601462745E-002
 -0.507878331832510       1.913551679960949E-003  0.193775045285733     
 -0.149260233431087      -0.280773538414546      -0.122978719355255     
 -8.223483585705227E-002  0.169388352128516      -7.232642130280108E-002
 -3.073561909658826E-002  0.215112662846751       1.554465706258851E-005
 -3.100490802935319E-002  0.215582613949619      -2.536625230223261E-005
  7.262762596284300E-002  1.123445715583304E-002 -2.804647170386987E-002
 -0.207565218038019      -0.345453419330595      -0.155464951867975     
  0.241141341605128      -0.408131857361812       0.184781744082213     
  7.315943344759894E-002  1.163558334860184E-002 -2.816410442841146E-002
 -0.208110721162088      -0.345874675495421      -0.155250125917160     
  0.242045315459044      -0.409417466198078       0.184850884639815     
 -0.215006514033109      -3.071709592570534E-002  5.647926975402488E-005
 -0.215515811006817      -3.095324661090615E-002  4.128888018274618E-006
  0.507071983087699      -1.598137674912554E-003 -0.195857039852253     
  0.148942563622324       0.277590311950265       0.123317282153835     
  8.468544488040697E-002 -0.170368380692646       7.403287947468470E-002
  0.508268904071073      -1.665938956744676E-003 -0.195737292957316     
  0.149346971066817       0.278925390947696       0.123489008368707     
  8.452314283682578E-002 -0.170861000713500       7.395571501542630E-002
