           8          18
  
 N   2.943000100048041E-003 Mode            1
  2.341682756621022E-015
 -4.880618157936916E-007
 -2.839204163770041E-015
 -1.010433073764561E-015
 -4.880618145481941E-007
 -2.692727834280509E-015
  3.252297227339606E-015
 -0.408255589893560     
 -5.886257502406332E-016
 -0.353551574239288     
  0.204119991687582     
  2.567727176485026E-006
  0.353551574239296     
  0.204119991687582     
 -2.567727184626748E-006
 -1.894996428018168E-015
 -0.408255589893556     
 -4.587488912933351E-015
 -0.353551574239291     
  0.204119991687582     
  2.567727177872274E-006
  0.353551574239288     
  0.204119991687582     
 -2.567727181278508E-006
  
 N   3.269623651874985E-002 Mode            2
 -8.476309052880244E-012
  0.159898937612457     
  7.111335745270988E-016
 -8.476548667228392E-012
  0.159898937612457     
  4.019745231691595E-016
  2.407474073247487E-012
 -6.118756308437352E-002
  2.953832143907230E-011
  6.831629628221865E-003
 -4.936287177007262E-002
  0.482556568342158     
 -6.831629622153851E-003
 -4.936287176935004E-002
 -0.482556568371696     
  2.407051877654238E-012
 -6.118756308437442E-002
  2.953667632615268E-011
  6.831629628223133E-003
 -4.936287177007326E-002
  0.482556568342158     
 -6.831629622155194E-003
 -4.936287176934898E-002
 -0.482556568371693     
  
 N   3.269646578081207E-002 Mode            3
 -0.159904144517171     
 -8.475902625083004E-012
 -7.352275803274291E-007
 -0.159904144517172     
 -8.476176014258449E-012
 -7.352275805666707E-007
  4.541414470425151E-002
  3.244136456576173E-012
  0.557208226715008     
  5.723739235788765E-002
 -6.825701110508028E-003
 -0.278605270568217     
  5.723739235861072E-002
  6.825701115741090E-003
 -0.278605270517059     
  4.541414470425070E-002
  3.241862885031214E-012
  0.557208226715008     
  5.723739235788723E-002
 -6.825701110508221E-003
 -0.278605270568219     
  5.723739235861090E-002
  6.825701115741723E-003
 -0.278605270517057     
  
 N   5.863976569837917E-002 Mode            4
  2.226125560539178E-006
  3.067444892546924E-016
  7.507114859343217E-002
 -2.226125560920911E-006
 -2.604269441380819E-016
 -7.507114859343071E-002
  0.109881659459814     
  8.119566067839818E-016
  0.390784915212510     
 -5.493586950980039E-002
 -9.515874213470425E-002
  0.390788447675788     
 -5.493586950979905E-002
  9.515874213470456E-002
  0.390788447675786     
 -0.109881659459815     
 -2.393504428140069E-015
 -0.390784915212510     
  5.493586950980122E-002
  9.515874213470414E-002
 -0.390788447675788     
  5.493586950979932E-002
 -9.515874213470482E-002
 -0.390788447675785     
  
 N   7.829298810780137E-002 Mode            5
 -4.105018771048589E-012
 -2.817811479920187E-002
  5.594377869409435E-016
  4.103484860079110E-012
  2.817811479920428E-002
  1.882139740584178E-017
  1.465187985755282E-011
 -0.423115654304435     
  5.521101743856121E-011
  0.226776794831451     
 -3.033877686830051E-002
 -0.328239870225068     
 -0.226776794916572     
 -3.033877693436265E-002
  0.328239870169863     
 -1.465364691490352E-011
  0.423115654304432     
 -5.520961591604270E-011
 -0.226776794831448     
  3.033877686830031E-002
  0.328239870225069     
  0.226776794916571     
  3.033877693436434E-002
 -0.328239870169865     
  
 N   7.829353321191664E-002 Mode            6
  2.817663957609025E-002
 -4.103485868176661E-012
 -2.251944944714107E-007
 -2.817663957609097E-002
  4.105661975213184E-012
  2.251944946578874E-007
 -0.100593705831772     
 -6.163348773786389E-011
 -0.379021674300074     
  0.292191891947011     
 -0.226772679633382     
  0.189506799153706     
  0.292191891880943     
  0.226772679624544     
  0.189506799249329     
  0.100593705831771     
  6.162922133327532E-011
  0.379021674300075     
 -0.292191891947008     
  0.226772679633382     
 -0.189506799153705     
 -0.292191891880946     
 -0.226772679624543     
 -0.189506799249330     
  
 N   0.101769384694058      Mode            7
  2.653015791138139E-010
 -0.213566005819992     
  8.412500791153715E-016
  2.653010662261135E-010
 -0.213566005819991     
  5.737549475257958E-016
  3.834067400155252E-010
  0.451010644934336     
  8.102339429257129E-011
 -0.328941775303447     
 -0.118725612373693     
  5.648908917211675E-002
  0.328941774654736     
 -0.118725613190941     
 -5.648908925313458E-002
  3.834070114111221E-010
  0.451010644934339     
  8.102577411800854E-011
 -0.328941775303451     
 -0.118725612373691     
  5.648908917211698E-002
  0.328941774654735     
 -0.118725613190942     
 -5.648908925313976E-002
  
 N   0.101769447680492      Mode            8
 -0.213564966708418     
 -2.653023668790033E-010
 -6.438376948908740E-007
 -0.213564966708418     
 -2.653029728241192E-010
 -6.438376947635752E-007
 -0.308638388751613     
  5.602694466651816E-010
 -6.522348168427293E-002
  0.261103872139647     
 -0.328938420175916     
  3.260992616020948E-002
  0.261103872956904     
  0.328938419880942     
  3.260992601986002E-002
 -0.308638388751613     
  5.602683677490684E-010
 -6.522348168427235E-002
  0.261103872139649     
 -0.328938420175917     
  3.260992616020809E-002
  0.261103872956905     
  0.328938419880943     
  3.260992601986233E-002
  
 N   0.140924610530690      Mode            9
  1.543411128852043E-011
  0.302562683492334     
  3.991638678005692E-015
 -1.543358687061211E-011
 -0.302562683492334     
  3.832080717975843E-015
  1.824446668117199E-011
 -0.211249769863538     
 -1.610940568764878E-011
  0.246372705520861     
  0.215477561202157     
  0.273467711523774     
 -0.246372705527898     
  0.215477561177016     
 -0.273467711507668     
 -1.825016713377370E-011
  0.211249769863538     
  1.610670515182891E-011
 -0.246372705520859     
 -0.215477561202151     
 -0.273467711523776     
  0.246372705527901     
 -0.215477561177021     
  0.273467711507666     
  
 N   0.140925138436466      Mode           10
 -0.302562405350102     
  1.543391095642141E-011
 -5.979341586670245E-008
  0.302562405350102     
 -1.543401174300519E-011
  5.979341900140762E-008
 -0.357719636196982     
 -1.077555093008306E-011
  0.315775728650131     
  6.900702662922523E-002
 -0.246372219750771     
 -0.157885814988087     
  6.900702660409032E-002
  0.246372219772755     
 -0.157885815015987     
  0.357719636196979     
  1.077591340097842E-011
 -0.315775728650131     
 -6.900702662922388E-002
  0.246372219750773     
  0.157885814988086     
 -6.900702660408853E-002
 -0.246372219772756     
  0.157885815015986     
  
 N   0.155901537114399      Mode           11
  1.487687952745507E-006
 -3.083351205152268E-015
  0.385300222610109     
  1.487687950508995E-006
  2.655603698090282E-015
  0.385300222610109     
 -0.317308663698594     
  2.243022741951089E-015
 -0.128435017454345     
  0.158654785864574     
  0.274799609185443     
 -0.128434933167124     
  0.158654785864580     
 -0.274799609185447     
 -0.128434933167118     
 -0.317308663698597     
 -2.241149985453345E-015
 -0.128435017454341     
  0.158654785864580     
  0.274799609185445     
 -0.128434933167119     
  0.158654785864575     
 -0.274799609185441     
 -0.128434933167124     
  
 N   0.254649485302150      Mode           12
  2.371101888943731E-007
  1.606199120450986E-016
 -0.224292271936198     
 -2.371101890120609E-007
 -2.199250679327446E-016
  0.224292271936198     
  0.376218842496283     
 -1.003723828015868E-016
 -9.142085751473082E-002
 -0.188108312883922     
 -0.325814284477235     
 -9.141995247421414E-002
 -0.188108312883922     
  0.325814284477235     
 -9.141995247421435E-002
 -0.376218842496283     
  3.101385194610102E-016
  9.142085751473100E-002
  0.188108312883922     
  0.325814284477234     
  9.141995247421440E-002
  0.188108312883923     
 -0.325814284477235     
  9.141995247421392E-002
  
 N   0.477722849382434      Mode           13
 -5.178393406316213E-007
  1.975832141994281E-016
  0.475965268988977     
 -5.178393411368378E-007
 -1.302393516282829E-016
  0.475965268988977     
  0.256866646686389     
 -2.145556811925782E-017
 -0.158654800071162     
 -0.128433724461917     
 -0.222454447050731     
 -0.158655031068732     
 -0.128433724461917     
  0.222454447050730     
 -0.158655031068732     
  0.256866646686389     
  2.661197597230725E-017
 -0.158654800071162     
 -0.128433724461917     
 -0.222454447050731     
 -0.158655031068732     
 -0.128433724461917     
  0.222454447050730     
 -0.158655031068733     
  
 N   0.749808825050359      Mode           14
  0.551199913376138     
  6.416006439220964E-011
 -2.202251851353890E-007
  0.551199913376138     
  6.415997777950497E-011
 -2.202251893905022E-007
 -0.333186298715273     
 -3.990059538048257E-012
  0.136372889930684     
 -0.109006939382514     
 -0.129429978830720     
 -6.818620187774990E-002
 -0.109006939352382     
  0.129429978770550     
 -6.818620185025549E-002
 -0.333186298715274     
 -3.990175493201109E-012
  0.136372889930685     
 -0.109006939382513     
 -0.129429978830719     
 -6.818620187774936E-002
 -0.109006939352382     
  0.129429978770549     
 -6.818620185025506E-002
  
 N   0.749809878693119      Mode           15
  6.415994942354641E-011
 -0.551199963754353     
  3.958388256199975E-015
  6.416020328988132E-011
 -0.551199963754353     
 -3.945668396143665E-015
 -3.878199278173842E-011
  3.427967405997782E-002
  1.587334688625405E-011
  0.129429215518134     
  0.258460227131146     
  0.118102248498918     
 -0.129429215543511     
  0.258460227161279     
 -0.118102248514793     
 -3.878377480643282E-011
  3.427967405997787E-002
  1.587431513725952E-011
  0.129429215518134     
  0.258460227131147     
  0.118102248498919     
 -0.129429215543511     
  0.258460227161278     
 -0.118102248514792     
  
 N   0.772339781563883      Mode           16
 -6.288303467879943E-006
 -3.741070978500756E-015
 -0.666376244585197     
  6.288303471678246E-006
 -3.036666118262350E-015
  0.666376244585196     
 -0.114247664023206     
  2.244902763875724E-016
  7.479435732629151E-002
  5.712648340582992E-002
  9.894534334426924E-002
  7.479553408697678E-002
  5.712648340582822E-002
 -9.894534334426582E-002
  7.479553408697535E-002
  0.114247664023204     
  3.795332931258639E-016
 -7.479435732629061E-002
 -5.712648340582904E-002
 -9.894534334426684E-002
 -7.479553408697569E-002
 -5.712648340583044E-002
  9.894534334426980E-002
 -7.479553408697713E-002
  
 N   0.841338454995913      Mode           17
  0.600644340066736     
  5.657112616546960E-011
 -7.143045892460676E-006
 -0.600644340066736     
 -5.657176661789670E-011
  7.143045892352958E-006
 -0.294301082047395     
 -3.038312427347859E-012
  7.186412041500771E-002
 -9.776921470571093E-002
 -0.113466144558329     
 -3.593067910628727E-002
 -9.776921468433750E-002
  0.113466144515232     
 -3.593067909456429E-002
  0.294301082047394     
  3.038292812736190E-012
 -7.186412041500743E-002
  9.776921470571120E-002
  0.113466144558329     
  3.593067910628728E-002
  9.776921468433758E-002
 -0.113466144515232     
  3.593067909456401E-002
  
 N   0.841339850418620      Mode           18
  5.657166901449846E-011
 -0.600644104113106     
 -3.835564647834439E-016
 -5.657093614123153E-011
  0.600644104113104     
  7.194338374364707E-016
 -2.771840615839291E-011
  3.225927668839888E-002
  6.768395199421754E-012
  0.113466412614665     
  0.228790584589689     
  6.223536964555745E-002
 -0.113466412633082     
  0.228790584611063     
 -6.223536965232589E-002
  2.771848222939850E-011
 -3.225927668839878E-002
 -6.768576003192210E-012
 -0.113466412614665     
 -0.228790584589689     
 -6.223536964555737E-002
  0.113466412633082     
 -0.228790584611063     
  6.223536965232551E-002
 END
