   1851.06595639997     
   1851.33855141686     
   1907.19924630683     
   1907.16961923683     
   1907.17217958004     
   22053.3674447950     
   22050.3085742366     
   22049.7791875502     
   22053.3399950421     
   22053.3925654597     
   22053.2225550965     
   22053.3582456142     
   22053.3672240700     
   22053.1757160431     
   22053.2054517799     
   22053.3964677457     
   22053.3858530685     
   22053.3968067112     
   22053.3968067137     
   22053.3967377545     
   22053.3968066693     
   22053.3967939008     
   22053.3967883509     
   22053.3967932064     
   22053.3789902672     
   22053.3946881639     
   22053.3965341143     
   22053.3968062922     
   22053.3966957381     
   22053.3967937973     
   22053.3935976175     
   22053.3964894100     
   22053.3964366252     
   22053.3900862570     
   22053.3824088325     
   22053.3967505189     
   22053.3962838464     
   22053.3959109757     
   22053.3967925920     
   22053.3963289691     
   22053.3967994823     
   22053.3967875241     
   22053.3968019234     
   22053.3968066326     
   22053.3968067443     
   22053.3968059598     
   22053.3968066302     
   22053.3967957279     
   22053.3968048167     
   22053.3967557850     
   22053.2876970864     
   22053.2958039376     
   22053.1748623624     
   22053.3961663345     
   22053.3968037247     
   22053.3967376372     
   22053.3968056702     
   22053.3967080312     
   22053.3953908587     
   22053.3966610723     
   22053.3965723597     
   22053.3968043134     
   22053.3968065302     
   22053.3962368597     
   22053.3965692721     
   22053.3968042968     
   22053.3968042703     
   22053.3968062449     
   22053.3967801709     
   22053.3968050204     
   22053.3968063963     
   22053.3968030454     
   22053.3966958307     
   22053.3962887732     
   22053.3967974775     
   22053.3965931213     
   22053.3966862468     
   22053.3960026833     
   22053.3968033561     
   22053.3966829427     
   22053.3967607412     
   22053.3966569085     
   22053.3967850927     
   22053.3967813334     
   22053.3968029045     
   22053.3967934670     
   22053.3940722511     
   22053.3851571912     
   22053.3831255224     
   22053.3957853507     
   22053.3958956912     
   22053.3968067374     
   22053.3968067610     
   22053.3968065908     
   22053.3968066074     
   22053.3967984935     
   22053.3968065393     
   22053.3968067594     
   22053.3967822383     
   22053.3967767823     
   22053.3964077381     
   22053.3968015286     
   22053.3967937563     
   22053.3961957655     
   22053.3966501670     
   22053.3968061097     
   22053.3967805995     
   22053.3967418956     
   22053.3967561147     
   22053.3967862487     
   22053.3967492123     
   22053.3967728438     
   22053.3967628669     
   22053.3967488768     
   22053.3967947472     
   22053.3967755614     
   22053.3968029526     
   22053.3965620787     
   22053.3967346978     
   22053.3967771962     
   21308.9460841228     
   22053.2329803472     
   22052.7337519221     
   22053.2650842273     
   22052.9727511525     
   20422.6505884296     
   22052.9550186653     
   22053.1237599201     
   22053.0923965468     
   22053.0139593062     
   21573.6551698643     
   22052.9389816733     
   22053.3710628949     
   21289.3841131139     
   22053.2456928390     
   22053.1747174534     
   22053.1118759913     
   21372.9903790922     
   22053.0872633502     
   22052.9755518744     
   22053.3128793377     
   21268.1679115491     
   22052.8959525623     
   22053.0330973034     
   22053.1920873730     
   22053.2531907146     
   21628.7025721160     
   22053.1633237259     
   22053.2681210348     
   20034.7910090802     
   22053.1735737033     
   22053.1271586794     
   22052.9403533042     
   22053.0340624736     
   22040.7880828826     
   22053.3460035555     
   22052.2258511088     
   21624.2407375472     
   22052.8964539272     
   22053.0498876652     
   22053.2431149952     
   21518.3806604880     
   20697.7262648909     
   22053.2693545792     
   22052.9542460881     
   22053.3491721879     
   21597.2576712438     
   22053.3821626468     
   22053.1993155604     
   20692.5699564974     
   22053.0835146657     
   22053.3169797702     
   22052.9177374414     
   22053.2187912820     
   21909.2467359661     
   22053.1745952399     
   22053.2693216296     
   22052.8043012226     
   22052.8596592369     
   3212.45569436448     
