   1.3123315e+00  -5.2473008e-01  -2.2995042e-01   1.3123360e+00  -5.2472845e-01  -2.2995019e-01   7.6222575e-01  -1.5193557e-01  -2.2687749e-01   1.8869025e-01  -4.8323640e-01  -2.2698779e-01   1.8868895e-01   1.7936321e-01  -2.2698840e-01   7.6222706e-01  -1.5193623e-01  -2.2687582e-01   1.8869018e-01  -4.8323594e-01  -2.2698948e-01   1.8869128e-01   1.7936572e-01  -2.2698910e-01
  -1.6892458e+00   6.7542302e-01   3.0800410e-01  -1.6889668e+00   6.7542078e-01   5.7052057e-01  -8.6412791e-01   1.9556870e-01   2.6869372e-01  -3.0131044e-01   5.2081375e-01   2.6888615e-01  -3.0130874e-01  -1.2967376e-01   2.6888696e-01  -1.1403655e-01   1.9556957e-01  -1.4316000e-02  -6.7685394e-01  -1.2967435e-01  -1.4507921e-02  -6.7685572e-01   5.2081108e-01  -1.4508879e-02
   1.8085097e+00  -8.0895111e-01  -5.2598344e-01   2.2373386e+00  -8.0886711e-01  -5.2616921e-01   1.0993314e+00  -2.3422273e-01  -3.4987555e-01   7.0306093e-01  -5.7770845e-03  -5.3666781e-02   7.0297216e-01  -4.6252110e-01  -5.3732613e-02   7.2193287e-02  -2.3421823e-01   4.5208018e-02   4.6843417e-01  -4.6264407e-01  -2.5097645e-01   4.6852279e-01  -5.9394334e-03  -2.5091074e-01
   2.4840528e+00  -7.7891946e-01  -6.4600208e-01   2.4841219e+00  -1.2077314e+00  -6.4600212e-01   7.1934170e-01  -2.7303122e-01  -1.8708023e-01   4.9071270e-01  -6.6889814e-01  -3.5801027e-01   9.4785748e-01  -6.6896307e-01  -1.6061386e-02   7.1919708e-01  -3.0219879e-01  -1.8702046e-01   9.4785841e-01   9.3721681e-02  -1.6067504e-02   4.9065095e-01   9.3787802e-02  -3.5806382e-01
  -6.1360075e+00   2.3669039e+00   1.5393940e+00  -6.1360456e+00   2.3668961e+00   1.5393948e+00  -1.2016069e+00   6.8534723e-01   2.4695336e-01  -1.5958172e+00   9.1280752e-01   5.4506054e-01  -1.5959066e+00   4.5806075e-01   5.4499133e-01  -1.2015633e+00   6.8535027e-01   2.4692693e-01  -1.5958093e+00   9.1282131e-01   5.4507526e-01  -1.5959103e+00   4.5803522e-01   5.4500053e-01
   1.5395919e-02  -2.2288970e-01  -3.9967823e-03   1.5395912e-02  -2.2285704e-01  -3.9967550e-03   4.3860361e-03  -1.4991477e-02  -1.1324399e-03   2.3196801e-01   3.7907472e-01   1.7094425e-01  -2.2309734e-01   3.7913136e-01  -1.7328357e-01   4.3861942e-03  -1.4989177e-02  -1.1324761e-03   2.3193329e-01   3.7901671e-01   1.7091826e-01  -2.2306252e-01   3.7907327e-01  -1.7325764e-01
  -1.6507858e+00   6.6009253e-01   1.0140601e+00  -1.6507492e+00   6.6009045e-01  -1.5547559e-01  -4.5597519e-01   1.9112970e-01   3.5285653e-01  -4.8898481e-01   1.7207315e-01   3.5283372e-01  -4.8898325e-01   2.1018908e-01   3.5283448e-01  -4.9998787e-01   1.9113069e-01  -1.0425286e-01  -4.6697820e-01   2.1018726e-01  -1.0422956e-01  -4.6697972e-01   1.7207135e-01  -1.0423021e-01
   1.1703732e+00  -4.0327778e-01  -2.6219889e-01   1.1703764e+00  -4.0327676e-01  -2.6219876e-01   1.4087269e-01  -1.1666230e-01  -5.6968189e-01   8.7741401e-02  -8.5984992e-02   1.7072196e-01   8.7765227e-02  -1.4738273e-01   1.7106220e-01   1.4087440e-01  -1.1666261e-01  -5.6967959e-01   8.7741459e-02  -8.5983935e-02   1.7072141e-01   8.7766911e-02  -1.4738176e-01   1.7106272e-01
  -6.2803800e+00   2.3490694e+00   1.6330962e+00  -6.2803984e+00   2.3490614e+00   1.6330961e+00  -1.8177489e+00   9.4904241e-01   4.7471450e-01  -1.8482883e+00   8.9579369e-01   4.4389719e-02  -1.7868127e+00   8.9602300e-01   8.9949021e-01  -1.8177571e+00   9.4904511e-01   4.7470720e-01  -1.8482905e+00   8.9578679e-01   4.4396195e-02  -1.7868270e+00   8.9601620e-01   8.9949184e-01
  -2.3040699e-01  -7.3565827e-02  -4.8350370e-02   6.0151486e-01  -7.4828728e-02  -4.8159659e-02   9.9324497e-02  -2.1823286e-02   3.9377118e-01   2.3295561e-01  -9.8756448e-02  -2.1723358e-01   2.3272110e-01   5.5514712e-02  -2.1830600e-01   8.1310398e-03  -2.1144328e-02  -4.2171336e-01  -1.2550206e-01   5.5788571e-02   1.8929067e-01  -1.2526764e-01  -9.8482603e-02   1.9036275e-01
  -2.7330747e+00   6.7172123e-01   7.0723256e-01  -2.7060241e+00   1.5032080e+00   7.0723907e-01  -7.8596361e-01   5.3850609e-01   2.1804433e-01  -8.5876651e-01   4.0243261e-01  -1.5467931e-01  -7.0447590e-01   4.0744976e-01   5.5098134e-01  -7.8893360e-01   9.1247999e-02   1.9151638e-01  -7.1613099e-01   2.2732084e-01   5.6424077e-01  -8.7042056e-01   2.2230309e-01  -1.4142049e-01
   1.4462109e-01  -5.7843396e-02   2.5581927e-01   1.4462375e-01  -5.7844078e-02   2.5581944e-01  -1.1305139e-01  -1.6748301e-02  -3.4866994e-01   1.1941222e-01   1.1739570e-01  -3.4871531e-01   1.1941215e-01  -1.5089342e-01  -3.4871629e-01  -1.1305147e-01  -1.6747206e-02  -3.4867163e-01   1.1941011e-01   1.1739710e-01  -3.4871499e-01   1.1941146e-01  -1.5089395e-01  -3.4871526e-01
   1.8641816e+00  -7.4539552e-01  -8.7015229e-01   1.8640068e+00  -7.4539348e-01  -9.9385957e-02   6.9344366e-01  -2.1583070e-01   1.6560715e-01   4.6276242e-01  -3.4879325e-01   1.6557316e-01   4.6275931e-01  -8.2868111e-02   1.6557457e-01   3.8605682e-01  -2.1582746e-01  -4.4633852e-01   6.1673735e-01  -8.2865813e-02  -4.4630344e-01   6.1674173e-01  -3.4879121e-01  -4.4630525e-01
  -2.7124989e+00   1.1506685e+00   7.4815404e-01  -2.7125092e+00   1.1506657e+00   7.4815435e-01  -7.1052353e-01   3.3207267e-01   4.3943979e-01  -1.1773257e+00   6.0286685e-01   1.0476908e-01  -1.1784088e+00   6.3163659e-02   1.0554561e-01  -7.1052925e-01   3.3206635e-01   4.3943179e-01  -1.1773165e+00   6.0285891e-01   1.0476943e-01  -1.1784138e+00   6.3164407e-02   1.0555255e-01
   2.5962191e+00  -8.7380372e-01  -6.7510819e-01   2.5962277e+00  -8.7380016e-01  -6.7510760e-01   7.5183497e-01  -8.0122077e-01  -1.9518954e-01   1.0210737e+00  -3.3354847e-01  -3.8865801e-01   4.8137826e-01  -3.3425147e-01  -2.5867747e-03   7.5183935e-01  -8.0122270e-01  -1.9518405e-01   1.0210712e+00  -3.3354275e-01  -3.8866232e-01   4.8138074e-01  -3.3425158e-01  -2.5892800e-03
   2.7029632e-01  -1.3443842e-01  -8.7412713e-02   4.0094284e-01  -1.3397148e-01  -8.7147030e-02  -2.1847072e-02  -3.7144416e-02  -3.2039531e-01   4.2547735e-01  -2.9764613e-01   1.2337449e-01   4.2733120e-01   2.2014569e-01   1.2154358e-01   2.1620633e-01  -4.0565655e-02   2.6985459e-01  -2.3112761e-01   2.1993196e-01  -1.7391667e-01  -2.3297365e-01  -2.9786572e-01  -1.7209118e-01
  -2.5726139e+00   1.0940374e+00   6.6908078e-01  -2.5730442e+00   9.6355386e-01   6.6907940e-01  -7.4457792e-01  -1.8073463e-01   1.9469121e-01  -4.8718982e-01   2.6837672e-01  -6.2520398e-02  -1.0048733e+00   2.6669745e-01   4.4902670e-01  -7.4535173e-01   7.7651593e-01   1.9277759e-01  -1.0027470e+00   3.2740447e-01   4.4998622e-01  -4.8506061e-01   3.2907774e-01  -6.1562820e-02
   6.2782933e-04  -2.3069069e-04  -1.6318289e-04   6.2812128e-04  -2.3081988e-04  -1.6326570e-04   1.8177198e-04  -4.0836576e-01  -4.7323762e-05  -3.5335481e-01   2.0403808e-01  -2.3860613e-05   3.5371846e-01   2.0403812e-01  -7.0732465e-05   1.8185518e-04  -4.0836366e-01  -4.7258703e-05  -3.5335369e-01   2.0403745e-01  -2.3750106e-05   3.5371723e-01   2.0403737e-01  -7.0671391e-05
  -8.8851830e-05  -1.0154200e-02   7.5761876e-06  -5.7391264e-06   1.0251057e-02   7.5900947e-06  -3.2023841e-05   4.0373273e-01  -1.4001773e-05   3.5343743e-01  -2.0855281e-01   3.4386594e-03  -3.5350158e-01  -2.0855285e-01  -3.4179016e-03   4.5692544e-06  -4.0370575e-01   1.8314682e-05  -3.5346663e-01   2.0858190e-01  -3.4341169e-03   3.5347560e-01   2.0858182e-01   3.4225453e-03
   1.6154310e+00  -4.3585850e-01  -2.8333924e-01   5.6400804e-01  -4.3539074e-01  -2.8334044e-01   5.4712099e-01  -1.2629174e-01   1.2251929e-01   5.4703120e-01  -1.2619368e-01  -1.8422820e-01   5.4712340e-01  -1.2623023e-01  -1.8438572e-01   8.3937970e-02  -1.2597961e-01  -2.8660165e-01   8.4027357e-02  -1.2607728e-01   2.0145529e-02   8.3935599e-02  -1.2604073e-01   2.0303244e-02
  -1.2104237e+00   1.0099928e+00   3.1500521e-01  -1.2121713e+00  -4.1251749e-02   3.1500527e-01  -3.5034756e-01   3.7968290e-01   9.1550070e-02  -3.4346042e-01   3.6781415e-01  -8.6058937e-02  -3.5723494e-01   3.6781402e-01   2.6813912e-01  -3.5111737e-01  -9.9183307e-02   9.0870163e-02  -3.5800494e-01  -8.7313963e-02   2.6847916e-01  -3.4422949e-01  -8.7313860e-02  -8.5719211e-02
  -1.8541059e+17   7.4140258e+16   4.8217235e+16  -1.8541114e+17   7.4140024e+16   4.8217235e+16  -5.3685790e+16   2.1467308e+16   1.3961459e+16  -5.3685876e+16   2.1467457e+16   1.3961258e+16  -5.3685703e+16   2.1467457e+16   1.3961337e+16  -5.3686034e+16   2.1467404e+16   1.3961244e+16  -5.3685948e+16   2.1467255e+16   1.3961445e+16  -5.3686120e+16   2.1467255e+16   1.3961366e+16
   1.8541059e+17  -7.4140258e+16  -4.8217235e+16   1.8541114e+17  -7.4140024e+16  -4.8217235e+16   5.3685790e+16  -2.1467308e+16  -1.3961459e+16   5.3685876e+16  -2.1467457e+16  -1.3961258e+16   5.3685703e+16  -2.1467457e+16  -1.3961337e+16   5.3686034e+16  -2.1467404e+16  -1.3961244e+16   5.3685948e+16  -2.1467255e+16  -1.3961445e+16   5.3686120e+16  -2.1467255e+16  -1.3961366e+16
  -6.5187339e-01   2.0346079e-01   8.6212343e-01  -6.5188059e-01   2.0346462e-01   8.6212343e-01  -1.8875009e-01   5.8911670e-02   2.4963015e-01  -1.8875037e-01   5.8912158e-02   2.4962870e-01  -1.8874980e-01   5.8912159e-02   2.4962740e-01  -1.8875325e-01   5.8914005e-02   2.4962735e-01  -1.8875298e-01   5.8913525e-02   2.4962880e-01  -1.8875353e-01   5.8913525e-02   2.4963010e-01
