  -102.522343621576        1.45428323292372     
  -102.472313652527       0.587965009883092     
  -102.520086868691       0.991062598350396     
  -102.525763996929       0.681960119761155     
  -102.514821074592       0.613093230283176     
  -102.522974185666        1.19702371573096     
  -102.519539305080       0.646848266369861     
  -102.519592873379       0.750222390922122     
  -102.525256590716       0.588596245903855     
  -102.517274758069       0.668872560666399     
  -102.526020553128        1.28892939823227     
  -102.518674903820        1.25893431197699     
  -102.519054952247        1.13219691225803     
  -102.514041979163       0.571837300092037     
  -102.512733753022       0.602764951756332     
  -102.519466247417       0.820330259348238     
  -102.511854144600       0.508768255848196     
  -102.514647543034       0.840773963238047     
  -102.513974001871       0.818395635090436     
  -102.526002049810        1.13841531571936     
  -102.527773764301        1.14854485064505     
  -102.526793754611        1.35465271527297     
  -102.523647001331        1.16973805299539     
  -102.511654112498       0.742313129725937     
  -102.505310230276       0.600055443704081     
  -102.515154581448        1.15960180945208     
  -102.517622527538        1.08082385839695     
  -102.526062780439        1.06094793093311     
  -102.525931817150       0.644854702685703     
  -102.525487914055        1.50114652540480     
  -102.517996095735        1.71960480260890     
  -102.520573863240        1.91397803471511     
  -102.516457252642       0.644050418676161     
  -102.517448838670       0.647543309203295     
  -102.517643777859       0.861459126270182     
  -102.520860347892        1.81165384400135     
  -102.533920720540        1.51359864974517     
  -102.535850361685        1.32230012183224     
  -102.526993185631        1.51356880647393     
  -102.517773342993        1.27944616379113     
  -102.520946459287        1.24487230756734     
  -102.528865199802        1.43684450367276     
  -102.518046711392        1.01880166918864     
  -102.508528225656       0.718255906208929     
  -102.511049005421        1.32377055912307     
  -102.506731754773       0.966364585168006     
  -102.500087563238       0.727364518534739     
  -102.510456984314       0.646557376292181     
  -102.507290340597       0.648319197090399     
  -102.492951284222        1.05361605237903     
  -102.524502068364        1.65614492322039     
  -102.528232970651       0.644743435873653     
  -102.511909268702       0.849361100314021     
  -102.521523139897        1.30311786594096     
  -102.508397916990        1.25741072602208     
  -102.504514642918       0.627141278940049     
  -102.517363007691        1.74926120932437     
  -102.515529339733       0.660864056769441     
  -102.513919363918        1.18010190760245     
  -102.527888278553        1.41929416486542     
  -102.499634047771        1.04667807742292     
  -102.513246433669       0.519377546910725     
  -102.525720324860        1.22087410152902     
  -102.525342992239        1.06471291992156     
  -102.527706862020        1.07737179587173     
  -102.516941596439       0.841135390230090     
  -102.533300126173        1.61379152043638     
  -102.527338688033        1.59187870148292     
  -102.516476167391       0.720813901096915     
  -102.492212289728       0.602670544602586     
  -102.517783104606        1.64378130501540     
  -102.509417380840       0.667962229954295     
  -102.524260395376        1.03699927479693     
  -102.510941670888       0.636366061333345     
  -102.510557387019        1.01198021440638     
  -102.518515988173        1.27598998532242     
  -102.525721480855        1.32459474982447     
  -102.522315615003       0.671137553247686     
  -102.519825170852       0.664285753554611     
  -102.508859795623       0.668765203324403     
  -102.520389189956       0.733720672519614     
  -102.497569267365       0.641856235212230     
  -102.519584784889        1.32060455950537     
  -102.516532683091        1.32725761978767     
  -102.518891662051        1.85505004658126     
  -102.512655639307       0.597564280148738     
  -102.525245522051        1.12484390869236     
  -102.491833649748       0.610246013254364     
  -102.531853937988        1.59055053407280     
  -102.525676182013        1.40049435952838     
  -102.526641243000        1.39411321487217     
  -102.517470630717        1.90237986147699     
  -102.526305294760        1.29065628911945     
  -102.501724826493       0.731294253449230     
  -102.491997706060       0.556538224042448     
  -102.517731575095       0.571176173664101     
  -102.521909704159       0.784022447358458     
  -102.525898339406       0.528264835408932     
  -102.514952842957       0.525588748642208     
  -102.509661568822       0.768471824905239     
  -102.507248891974       0.833095039326499     
  -102.515198715191       0.589399385568188     
  -102.506909926428       0.758622455864847     
  -102.520733798665       0.587890898918121     
  -102.525293780153       0.932230689834552     
  -102.506893520438        1.25625586578939     
  -102.514339000019        1.32023462390396     
  -102.514889595010        1.59010173296283     
  -102.519023740422        1.89530406642710     
  -102.513289471954       0.585943242873207     
  -102.523365817049        1.37207960637699     
  -102.526913825303        1.91960945395858     
  -102.514740678931       0.633807717762192     
  -102.521796675699        1.10262233204010     
  -102.523357109760        1.45468234609832     
  -102.517976494771        1.66012346648824     
  -102.517071589402        1.48955305152895     
  -102.509311566641       0.984274882369631     
  -102.517782947144       0.592200652147977     
  -102.515305062846        1.03259377329867     
  -102.527371412064       0.895360337212164     
  -102.511503572119       0.605806998257749     
  -102.514218633273       0.818611820338659     
  -102.531626290780        1.40435921240715     
  -102.522780394971        1.20396713990463     
  -102.520287002912        1.28385560278867     
  -102.524173820432        1.58134641250819     
  -102.514006207839        1.11393238039594     
  -102.508894753383       0.563317012485872     
  -102.521623072633        1.29119830727725     
  -102.521524396165       0.837720194068102     
  -102.515984273393       0.999700761174126     
  -102.513567519657       0.808626230474146     
  -102.507574343143        1.14796988470958     
  -102.507918976314        1.24535931568768     
  -102.523940862351        1.19682409566414     
  -102.528138307755        1.19094174054783     
  -102.524541525337        1.42678989457841     
  -102.521384661329        1.21362224992165     
  -102.528173454748        1.86264659425476     
  -102.517101772028       0.772911481744672     
  -102.521070568379        1.62384402468170     
  -102.521030447048        1.64540361635901     
  -102.528343654114        1.23609337602017     
  -102.522389120128        1.10383168033226     
  -102.524066573272        1.18192653239778     
  -102.526640938030        1.99677178487741     
  -102.510654781490       0.955032241239297     
  -102.515193320551       0.568888198589515     
  -102.510508097993       0.980310331291100     
  -102.519738153394        1.18787352195704     
  -102.520939533042        1.21404100736094     
  -102.525777636920       0.950807571534602     
  -102.524253787421        1.22639798811588     
  -102.517971663603        1.48692139175720     
  -102.521568432399       0.975670125620000     
  -102.510341634309       0.694448421545970     
  -102.521529792666        1.00353975375332     
  -102.515608937846        1.61003606699338     
  -102.519403927434        1.68645795639821     
  -102.516049159502       0.712880470340324     
  -102.525529832205        1.57624245477521     
  -102.528295696343        1.65423602679558     
  -102.508572144329       0.637518274946236     
  -102.505791196049       0.713878905264950     
  -102.512920115161        1.29107530495665     
  -102.522591336755        1.08259180093437     
  -102.526389419114        1.29005909487285     
  -102.525990184218        1.22950951598662     
  -102.523165836414        1.29934836102503     
  -102.526426461273        1.56805321419325     
  -102.519103047879       0.999119979184632     
  -102.521080351090        1.06488290862565     
  -102.530233911107        1.20132960654530     
  -102.523077855843        1.23547889627230     
  -102.522639226971       0.894154707687345     
  -102.525474712470        1.21747728389889     
  -102.527395170364        1.21516583011354     
  -102.527916105986        1.67425104898762     
  -102.515455981697       0.887363777732573     
  -102.519815267440        1.70401336729371     
  -102.523105898627        1.22057589072503     
  -102.519631497806        1.04303819635435     
  -102.512436602244       0.590081668330435     
  -102.532471735694        1.16783357405447     
  -102.508660284767       0.639586218028250     
  -102.527313797365        1.09582774301262     
  -102.534458522379        1.13568231904081     
  -102.526419619913       0.825172112365468     
  -102.484856013678       0.891165698318528     
  -102.516532205332       0.758571613216469     
  -102.500635965340       0.679989152762387     
  -102.517493051269       0.984682216850597     
  -102.511258553709       0.581777361271033     
  -102.523997307859        1.09719892913682     
  -102.494318631033       0.634531553410464     
  -102.515265587196       0.556204657193652     
  -102.520995089966        1.07306405277135     
  -102.523538187308        1.16157974832725     
  -102.524845800585        1.20108603489472     
  -102.532816925196        1.36940853234015     
  -102.519416543499        1.40222881100981     
  -102.523150510648        1.31221060199407     
  -102.515723634697       0.623530292821932     
  -102.492124544770       0.888758991085928     
  -102.523009233302        1.47864000690645     
  -102.513160181520       0.912141746020006     
  -102.517581919037        1.28939456600264     
  -102.519617556689        1.46562720045914     
  -102.519880483715       0.561984704591694     
  -102.518227559241        1.09205233860145     
  -102.524443022666        1.16412225182377     
  -102.523168344475       0.542105452034523     
  -102.519779961880        1.78001861857050     
  -102.521877141671        1.66149151128127     
  -102.516929601623        1.22580545708318     
  -102.509842578797       0.619162453368783     
  -102.519822894774       0.928490198760598     
  -102.518668855021        1.56411605388754     
  -102.523853109769        1.32427473293218     
  -102.514026199867        1.00887014552829     
  -102.511677706077       0.664779857186893     
  -102.531581630594       0.914708918662198     
  -102.503727408532       0.679473408150363     
  -102.517476845949        1.20471230200504     
  -102.515260644716       0.520689182136172     
  -102.518391781245       0.610297194190257     
  -102.523973735662       0.979090430855741     
  -102.522885786841        1.97461380273931     
  -102.509400896026        1.21532969600977     
  -102.531654741753        1.86685010513361     
  -102.526118480860        1.74055707114013     
  -102.520221044840        1.44910039834145     
  -102.516434628477        1.17151587707434     
  -102.514181642718        1.09511682186479     
  -102.499917255035       0.529581281661937     
  -102.525869481849        1.12557799077317     
  -102.515612841775        1.73720580546276     
  -102.504611840088       0.650151989987533     
  -102.512925807766       0.567904718130904     
  -102.515694643183        1.53014523492947     
  -102.521761802263        1.61251550391885     
  -102.537907277183        1.36671770534066     
  -102.542338640683        1.39733778924742     
  -102.526731798745        1.08054478939673     
  -102.526731798745        1.08054478939673     
  -102.525444060138        1.99331436485657     
  -102.531261523798        1.25658428460472     
  -102.530669444762        1.25286979942898     
  -102.509403824243       0.623995882572565     
  -102.526392930073        1.10958828065954     
  -102.511734871041       0.686207289033023     
  -102.523769431319        1.79565154039787     
  -102.523094582956        1.62280396656204     
  -102.519963107842       0.978945893889747     
  -102.524194847846        1.15166086103038     
  -102.519344638944       0.732925695107273     
  -102.518541707739       0.858494499495104     
  -102.519121718313       0.523215012485777     
  -102.512163756672       0.701751951241814     
  -102.505956538951       0.868939924889452     
  -102.515809259811       0.767924996727570     
  -102.515817083907        1.52405641415888     
  -102.521077035895       0.879449289903581     
  -102.519481706466        1.80969231721995     
  -102.509768595223       0.872745250266227     
  -102.528015756961        1.07890209577883     
  -102.528015756961        1.07890209577883     
  -102.523702561568       0.826756599536728     
  -102.516871876721        1.14236036572190     
  -102.524376088251        1.05763415373490     
  -102.524118224726        1.05627140607466     
  -102.506006376692        1.29273659534393     
  -102.518385376387        1.16594076851743     
  -102.531311846919        1.00629597828558     
  -102.531311846919        1.00629597828558     
  -102.511966403114        1.30101825297978     
  -102.522833766706        1.33740140074241     
  -102.524818002255        1.82972426590430     
  -102.526229285125        1.72691109379196     
  -102.515665307974       0.582017935856822     
  -102.487519272720       0.589728676453464     
  -102.529683161694        1.43506320472308     
  -102.527482971483        1.28652890014806     
  -102.499804349406       0.629753798516621     
  -102.525081213473        1.12139194230479     
  -102.520245519709        1.08192271010967     
  -102.519689032273        1.04570204221506     
  -102.523941772819        1.03739175115399     
  -102.498310083509       0.763656599806711     
  -102.514964359385       0.907656332416257     
  -102.532369006098        1.75396940461136     
  -102.521247838833        1.35299280036434     
  -102.506492183212       0.773732273390444     
  -102.519674640327        1.84117125669796     
  -102.489909989190       0.725820271682321     
  -102.523724592349        1.85336953591760     
  -102.516080984484        1.25395135615992     
  -102.516597678898       0.923326418326262     
  -102.516038944104       0.810605819576457     
  -102.518782124934        1.11847771733837     
  -102.510673742688        1.46718735064898     
  -102.503201634168       0.731282519767737     
  -102.530085068881        1.55467202331535     
  -102.521986024568        1.24477697607433     
  -102.525133601707        1.38451537032086     
  -102.520717806791        1.20601938011890     
  -102.516484612305       0.867946172094712     
  -102.525413633808        1.53676011867931     
  -102.522440970184       0.837457486621874     
  -102.521719756200        1.57021984947366     
  -102.516699996907       0.941480936173754     
  -102.514077429147       0.618279505001394     
  -102.532065557265        1.23504433016726     
  -102.525037521773        1.16925795879428     
  -102.523476537692        1.34346999111793     
  -102.518139854089        1.37283380519414     
  -102.514185774611       0.625731084068148     
  -102.506257288347       0.590686266208464     
  -102.517069984798        1.49705492117110     
  -102.513836817425       0.725686324234458     
  -102.516858669465       0.569875398221737     
  -102.518491562030       0.513256687268366     
  -102.528330378845        1.69395751225401     
  -102.503921443611       0.573378896824001     
  -102.523374056956       0.911472550675213     
  -102.525418400934        1.48699312833093     
  -102.511101947940       0.809230093538144     
  -102.525311360000       0.641934211319060     
  -102.508075122554       0.528494200134586     
  -102.517249061404        1.10579174374575     
  -102.519728642923       0.802396140219087     
  -102.516417367854        1.58180748546187     
  -102.519863376065       0.947584607739744     
  -102.506561521375       0.814283537632720     
  -102.524554430541       0.668746980327181     
  -102.518772328961       0.914489056265026     
  -102.522968111281        1.82217072471331     
  -102.517231809514        1.01455055049805     
  -102.530866227592        1.91049435354842     
  -102.511898826067       0.899997194847284     
  -102.516158612990        1.13156911993556     
  -102.519667199881       0.891249454744233     
  -102.523755411628        1.75816772983679     
  -102.524417308098        1.25993481476799     
  -102.518450396722        1.22177491220408     
  -102.517550036213       0.772912341754992     
  -102.489348494563       0.713276783306097     
  -102.515746140223       0.663829963457036     
  -102.522367847442        1.07825000637576     
  -102.518386620444        1.90323935849168     
  -102.517453795398        1.50313973047925     
  -102.513817954779       0.787865594053260     
  -102.530923155383        1.57393525347814     
  -102.508992877260       0.903267437223199     
  -102.508960340638       0.529351298793214     
  -102.510201853969        1.11661875638310     
  -102.505732180524       0.537616624022687     
  -102.524212057311        1.43879336798441     
  -102.514649708579       0.795481610477740     
  -102.512751788381       0.649822535307705     
  -102.507455375164       0.518330033968726     
  -102.520980540367       0.860977642307076     
  -102.508060838965       0.678925280781501     
  -102.509605542429       0.922695907365815     
  -102.516737552594       0.714515842652725     
  -102.516701211850       0.907304989675834     
  -102.517212814357       0.623446358988573     
  -102.534544865480        1.48907706585088     
  -102.509380485022       0.949592902810557     
  -102.511558747904        1.08818315080749     
  -102.522567216752        1.01110018129167     
  -102.513286965717       0.624311660185631     
  -102.508423349841       0.532689510314066     
  -102.509326337793       0.803334284149703     
  -102.520844880049        1.57997257565441     
  -102.525442982614        1.62766219064144     
  -102.515997498791       0.838371194524506     
  -102.524994287423        1.84096152277553     
  -102.535511216364        1.04772488569782     
  -102.535511216364        1.04772488569782     
  -102.532055591732        1.96396017244848     
  -102.529834200098        1.58406397936209     
  -102.532283303523        1.51779723498203     
  -102.520782243039        1.15066753622442     
  -102.520123522621        1.24530144688652     
  -102.521076292284        1.11528056256938     
  -102.520437533104        1.42495125910481     
  -102.523324387217       0.792913277793563     
  -102.528616080326        1.52092361583016     
  -102.526417655101        1.57497292226993     
  -102.525792130698        1.00721817828561     
  -102.525792130698        1.00721817828561     
  -102.509641711531       0.670885812501877     
  -102.515976701228        1.02142865254431     
  -102.523520079943        1.16659557414230     
  -102.518109410878        1.23866963734540     
  -102.522493548838        1.51575188612303     
  -102.520979167402        1.26632201631764     
  -102.517327132941        1.38908151737757     
  -102.533040582733        1.25167429301209     
  -102.526556661263        1.10001261764545     
  -102.508935382743       0.598595230479638     
  -102.500126654782       0.584140176009926     
  -102.520333604458        1.04494656529228     
  -102.520446208105       0.920033454834826     
  -102.527006006571        1.61842552296733     
  -102.526992358426        1.08118683619096     
  -102.526060198136        1.44523974299091     
  -102.518785727272        1.00464912177168     
  -102.525766597661        1.00077850007539     
  -102.525766597661        1.00077850007539     
  -102.520017569908       0.867214234851439     
  -102.513030580282        1.26285426642623     
  -102.510648771255       0.717449219645028     
  -102.517288749747       0.558611317247465     
  -102.523842660604        1.92821158485470     
  -102.523923966545        1.63531156616084     
  -102.516088428885       0.573020626133540     
  -102.516346151430       0.633630634842084     
  -102.525553085506        1.63420115580598     
  -102.517457398088       0.942116210382753     
  -102.510692666005       0.952518707628783     
  -102.507258587910        1.05773193433096     
  -102.507566531787        1.30564945477860     
  -102.524132710614        1.48535128250002     
  -102.521346965243        1.64967809067703     
  -102.517848168944        1.02524307664252     
  -102.514346628708       0.547401493637960     
  -102.506815746671       0.948871172457227     
  -102.490911132551       0.918680072712100     
  -102.502882768111       0.549864829360798     
  -102.516951835867        1.23282105099923     
  -102.510893583527        1.16966602619181     
  -102.537638508035        1.08897633104728     
  -102.537638508035        1.08897633104728     
  -102.525601955321        1.49118555575079     
  -102.532725251351        1.47019093216860     
  -102.526212069608        1.04997964771934     
  -102.539083165949        1.47621750415426     
  -102.540728152254        1.48840936191188     
  -102.545952811403        1.48409011222378     
  -102.543324092715        1.46471146665568     
  -102.515440439008        1.67449156632139     
  -102.516589016519        1.07380325436084     
  -102.517291747811        1.07553244711998     
  -102.523197398072        1.69417802526861     
  -102.511256717180        1.41058598835183     
  -102.545483828610        1.91483535496988     
  -102.543445448439        1.80091498583107     
  -102.534206048689        1.44231363933067     
  -102.528040419344        1.29757498485853     
  -102.525431003495        1.57583083283832     
  -102.527134352033        1.54824943903963     
  -102.529890564282        1.86833157705333     
  -102.544937558481        1.07331260943090     
  -102.544937558481        1.07331260943090     
  -102.521466444583        1.20839383450996     
  -102.525812758102        1.23707474626219     
  -102.537921643981        1.60148448148315     
  -102.540185029940        1.53972495481879     
  -102.552610404415        1.78480927788402     
  -102.545654284230        1.83901310778016     
  -102.522424451216        1.30501305900053     
  -102.514667474885       0.941801758892530     
  -102.521681297614        1.43796511910396     
  -102.530508507222        1.48047034592607     
  -102.529796531812        1.39224643259567     
  -102.534776975405        1.43837134570695     
  -102.531662408858        1.34496890206918     
  -102.522524080226        1.04031361191726     
  -102.519191125450        1.02312067689178     
  -102.540430446560        1.10283059820353     
  -102.540430446560        1.10283059820353     
  -102.534085408855        1.01691616434220     
  -102.534085408855        1.01691616434220     
  -102.548872049162        1.29972230842279     
  -102.548872049162        1.29972230842279     
  -102.563230333673        1.51549659395548     
  -102.555128191288        1.45532967849428     
  -102.523118183287        1.24559669673865     
  -102.528321794623        1.36062529305911     
  -102.515496490264        1.36422798497398     
  -102.523312539631        1.85570608817625     
  -102.513614899843        1.02425191128541     
  -102.519285562469        1.45183320781529     
  -102.506784465202       0.934107279966219     
  -102.529409913382        1.10151995831738     
  -102.529409913382        1.10151995831738     
  -102.528378976212        1.68649293227822     
  -102.514963062709       0.875733440078739     
  -102.522306725372        1.58327644950910     
  -102.509124105013        1.13863863451111     
  -102.527264146841        1.02964621802449     
  -102.527264146841        1.02964621802449     
  -102.508680520301       0.769392910558978     
  -102.518513063943        1.30603754494071     
  -102.529188134976        1.12215727831212     
  -102.531911632720        1.13754276045800     
  -102.521174906146        1.28069858770333     
  -102.512253594939       0.826468995398502     
  -102.527819403438        1.19826544996098     
  -102.511930726048       0.675079413451618     
  -102.522096855598        1.25115471133699     
  -102.527270969721        1.63648256888646     
  -102.524796840720        1.19597101123237     
  -102.523738365832        1.21749231999611     
  -102.512800775010        1.50941841935583     
  -102.481854976306       0.664008012636173     
  -102.511707645104        1.05303975122751     
  -102.522746724765        1.14345785511204     
  -102.533241258680        1.29791748851483     
  -102.528723055801        1.29663850743376     
  -102.530752579275        1.27737011139897     
  -102.523864772999        1.19990814036047     
  -102.521336989763        1.40195799568727     
  -102.529587169805        1.65588245180263     
  -102.497033613366       0.801111448648236     
  -102.514546077372       0.931959056192949     
  -102.487046575064       0.631236784493045     
  -102.521100427501        1.43753055769094     
  -102.533252703704        1.25168248912424     
  -102.528082150018        1.21973774088949     
  -102.514241094294       0.884590124679784     
  -102.518684504485        1.51673746153748     
  -102.507915680907        1.09223519984513     
  -102.525145428544        1.52527202286941     
  -102.523012524385       0.748800085004244     
  -102.509524618731        1.35985161165079     
  -102.522010832622        1.33890689197384     
  -102.537105526289        1.56879394676712     
  -102.526701272312        1.44419442814325     
  -102.518925564684       0.949568762923045     
  -102.497483968393       0.580486439927262     
  -102.519211877245       0.960083521264313     
  -102.517056390764        1.10252082191911     
  -102.527452496973        1.26969817388811     
  -102.524654547749        1.14977475060473     
  -102.498775087736       0.510107121391442     
  -102.504884113609       0.830080087103259     
  -102.508241442239       0.602782067309354     
  -102.521392929929       0.569667621012334     
  -102.516741185830       0.541425661029508     
  -102.525247899357        1.59577645791228     
  -102.504938526405        1.20662114215360     
  -102.516894798192       0.825118782471062     
  -102.517934485047       0.926698458970836     
  -102.523077067232       0.877891986612424     
  -102.517456567415       0.856721137915763     
  -102.522525990492       0.618789288679284     
  -102.518676520446        1.08143945626724     
  -102.511450237050       0.582779889081565     
  -102.514202815123       0.896101817542144     
  -102.505433974607       0.829805077947358     
  -102.522995896360       0.714516348101991     
  -102.527530539698        1.32822778778312     
  -102.524034957896        1.18137805281318     
  -102.519142947108       0.993766493746406     
  -102.505707789370       0.532912110019754     
  -102.521358482090        1.76412574168287     
  -102.517657179946       0.617271576820714     
  -102.518492309097       0.924402361253652     
  -102.521884790307       0.834181332220898     
  -102.517158475080       0.856453513225184     
  -102.514168907540       0.940659568442622     
  -102.514801339021        1.19880539670974     
  -102.519076948316        1.72135368455071     
  -102.512101469759       0.601610724175180     
  -102.515192711901        1.26616372573243     
  -102.524349365391        1.09062514772321     
  -102.520342822452        1.12264784102131     
  -102.520304739028       0.914750288766349     
  -102.513450560850        1.16264230207414     
  -102.525358096608       0.901588714440496     
  -102.514243583901       0.822914420772718     
  -102.503414777549       0.640460201426305     
  -102.544816072213        1.26546646930110     
  -102.544816072213        1.26546646930110     
  -102.529629854528        1.31295457662709     
  -102.530548616639        1.32483486312429     
  -102.506909705200       0.814606949383412     
  -102.528069740666        1.11521467075790     
  -102.530323862719        1.75004593409871     
  -102.511689846028       0.888254177143412     
  -102.514863024748       0.991585254465354     
  -102.513121309749       0.512561263030813     
  -102.521067673326        1.24773306834749     
  -102.522740064164        1.87937307587715     
  -102.520354694687        1.45978039524453     
  -102.532027342946        1.17999923278112     
  -102.529086507974        1.16277526021324     
  -102.525834875013        1.55388883208434     
  -102.525909302472        1.59707088335701     
  -102.512395496136        1.06986940321908     
  -102.507249425156       0.914068164579621     
  -102.519666489541        1.08917804931206     
  -102.505503454258       0.649615196613399     
  -102.525027253587       0.654949164692346     
  -102.525691542854        1.15121381265570     
  -102.526311940505        1.17543349872283     
  -102.521371661757        1.48686240447745     
  -102.522638941911        1.11513629704602     
  -102.521071835705        1.09298484060236     
  -102.513979783185       0.685802333082591     
  -102.512819091342       0.727011714540969     
  -102.516414671404        1.06490220861986     
  -102.506973759958       0.788469393165862     
  -102.519734403715       0.862001767560893     
  -102.517604968098        1.90787756164516     
  -102.526804179845        1.55644485848429     
  -102.510402901501       0.806893981160676     
  -102.523112821622        1.83583019382554     
  -102.517102509243       0.781801710697324     
  -102.524433787351       0.719533850725931     
  -102.505614800229       0.836516452352926     
  -102.522932261544        1.48152380450665     
  -102.516471809927        1.15783887063842     
  -102.510951029136       0.965201664382863     
  -102.521594783445        1.03025568743886     
  -102.519651575338        1.02029415311727     
  -102.520355056058        1.06319846882136     
  -102.524231808626        1.11549779869454     
  -102.518221592990        1.15146484168001     
  -102.518080607369       0.627692823450503     
  -102.515396946173       0.594498113812450     
  -102.509407806808       0.859249657389289     
  -102.524734760836        1.41494434876497     
  -102.519799152688       0.620461511717339     
  -102.514554017320       0.639637313204264     
  -102.529771693179        1.00286296332506     
  -102.529771693179        1.00286296332506     
  -102.520246544909        1.27231520572219     
  -102.519513659532        1.01436138247342     
  -102.520313441782        1.30570185798476     
  -102.516557681595       0.590478637501096     
  -102.518288415576       0.578271442416202     
  -102.525296714356        1.42194319754987     
  -102.514404795322        1.23853432240714     
  -102.520270983567       0.759058929195708     
  -102.514513158395       0.863000687070732     
  -102.516970536295        1.21629417075856     
  -102.513809349357       0.560381027398755     
  -102.517527785188       0.974432394643318     
  -102.519267888747       0.885143321126145     
  -102.516687243049       0.718258973648273     
  -102.519854620510       0.959012187404720     
  -102.507595798344       0.603655992309502     
  -102.521273896395        1.64818174685693     
  -102.521481649303       0.844364212616930     
  -102.534246884435        1.66001577017038     
  -102.496378928527       0.512380061944705     
  -102.515959063378       0.742626312622496     
  -102.517834529974        1.29210074157316     
  -102.529022196468        1.67987271029978     
  -102.509131421243       0.784143394348620     
  -102.522867279487        1.85883894984904     
  -102.514806348103       0.742221330272727     
  -102.524026557046       0.665811944880508     
  -102.513544122137       0.940052388160751     
  -102.524248340994        1.38732335199792     
  -102.517690766618        1.77152476304625     
  -102.533173011767        1.34305426624676     
  -102.534776454639        1.35386509867350     
  -102.522417327890       0.878384683872857     
  -102.529741695606        1.69741616683961     
  -102.520026002903        1.49444399536423     
  -102.521768449124        1.30405896617422     
  -102.525079900463        1.25684508298717     
  -102.528212434282        1.08052254033917     
  -102.524739055099        1.06191922632955     
  -102.511390269347       0.558155244969492     
  -102.527972582214        1.45998942234634     
  -102.520585037673        1.02472595550195     
  -102.529782968560        1.99753592891462     
  -102.524883319430        1.61677481231504     
  -102.528012289188        1.37542078769484     
  -102.523738472514        1.36743299753019     
  -102.493357814345       0.910558495807562     
  -102.505296789024       0.579347130655379     
  -102.518792338141        1.60141545743057     
  -102.523132786848        1.57655243220558     
  -102.515512990706        1.14189629889572     
  -102.523054625094        1.42241793389540     
  -102.527140003259       0.695505404385528     
  -102.502289725805       0.920803721577053     
  -102.508985726950        1.01036526576311     
  -102.517578274321       0.624560368215444     
  -102.522966073291        1.40925286144491     
  -102.514938284831       0.888056706894504     
  -102.506460947928       0.864240368290756     
  -102.521590819705        1.14886666926621     
  -102.521642300382        1.06660317213013     
  -102.523056820729       0.978148710317205     
  -102.517378306170       0.722575920193378     
  -102.513401269317       0.800271055762185     
  -102.521542933631        1.22517660631311     
  -102.514643009639       0.652455455735603     
  -102.508373010095       0.617083746715634     
  -102.526465015333        1.46782063186028     
  -102.523850266080        1.32172265225477     
  -102.527311118781        1.93016495826255     
  -102.522046605423       0.807629935295981     
  -102.530705776569        1.69229494690380     
  -102.525781275194        1.54316196889197     
  -102.533647752488        1.03533727437529     
  -102.533647752488        1.03533727437529     
  -102.521945257005       0.886414501208180     
  -102.517640859836        1.50625656615285     
  -102.507095173741       0.833842556805895     
  -102.522737486625        1.86101872976436     
  -102.521998171578        1.23743031331164     
  -102.533360713594        1.86979453413831     
  -102.512600060325        1.14915864485571     
  -102.521994918354        1.62085465678492     
  -102.518724115391        1.46391799411288     
  -102.517070720566       0.906890442356735     
  -102.516504916109       0.635450313687652     
  -102.514200266859       0.616429441054149     
  -102.524630588077        1.41959955649191     
  -102.520963498305        1.36110639739672     
  -102.526036902955        1.52363948195423     
  -102.522640459688        1.89726645868054     
  -102.527387188412        1.55729081278688     
  -102.510725369315        1.39227219253005     
  -102.529687514848        1.21002743844297     
  -102.521842710121       0.811105296571424     
  -102.520112449819        1.19113075997689     
  -102.518886782442       0.924894337800002     
  -102.523958373558        1.22684532294250     
  -102.530587391963        1.26584291536029     
  -102.522026250959        1.40803131349345     
  -102.529315996837        1.58081676753595     
  -102.519537331241        1.68148569858138     
  -102.517503939105       0.695213061968331     
  -102.518638718058        1.69092464858692     
  -102.512505170956       0.564786001451272     
  -102.514627661028       0.578299928313524     
  -102.521901724695        1.18370501798034     
  -102.518386338950       0.580198101023163     
  -102.513725759760       0.839449586909673     
  -102.511278653385       0.944179550705363     
  -102.529415611585        1.32856369914276     
  -102.522743491037       0.722962314119200     
  -102.519422589710       0.672667100935802     
  -102.521952188631        1.45027830329063     
  -102.531499755876        1.16855889132779     
  -102.527300513890        1.14427936449258     
  -102.516100450113        1.11544016007871     
  -102.523690805997        1.41585412494683     
  -102.503718240190       0.564456367698541     
  -102.521887859898        1.10861173475794     
  -102.521551744908        1.59530739807429     
  -102.512823823819       0.557300525239249     
  -102.513873810513       0.793266128509688     
  -102.528010704430        1.68959400193199     
  -102.517092620334       0.927279970230143     
  -102.501596846609       0.578961533984903     
  -102.518113158409        1.32701022409310     
  -102.522486407308        1.92165097150240     
  -102.526762131161        1.80441685201941     
  -102.530697474525        1.60366700499581     
  -102.513402548790       0.973480282218271     
  -102.539878819271        1.52985966985586     
  -102.526906309269        1.27917908586839     
  -102.530045392422        1.21255881998051     
  -102.515549774388       0.784155815839152     
  -102.513746263520       0.619783725891413     
  -102.526827219986        1.11780294230014     
  -102.522186960159       0.901251030914224     
  -102.517259310681       0.548830305055832     
  -102.517875859879       0.802745363933886     
  -102.506315192527       0.814508806442902     
  -102.516706165132       0.695287933562054     
  -102.510505747297       0.731098972045993     
  -102.515988297990        1.14501379832694     
  -102.524341317603        1.08788059807985     
  -102.536541554285        1.32644991685380     
  -102.502404303337       0.978146493562992     
  -102.505055591137       0.503753580493424     
  -102.509978902540       0.513291273144140     
  -102.517414351136       0.978578088255235     
  -102.522128719126        1.03717856359640     
  -102.471557709385       0.572328290388394     
  -102.520172941326        1.71443126770560     
  -102.521596699116        1.12076564398190     
  -102.515789482832       0.969855196956110     
  -102.516528645863        1.44186810049205     
  -102.527890017403        1.67558627070867     
  -102.530850567658        1.73040991088913     
  -102.523769193397        1.42944475845761     
  -102.507698594227       0.676383266536938     
  -102.517752660941       0.992219534059233     
  -102.524030587266        1.31575588153944     
  -102.520365958863        1.37545439362140     
  -102.518408097375        1.68512618770998     
  -102.521267960240       0.825835002059934     
  -102.514570487225       0.703115379507177     
  -102.522526606921       0.908939782722023     
  -102.522639661933        1.70434602633224     
  -102.521237524502        1.62636120721072     
  -102.507940933313       0.604063212097705     
  -102.510699272170       0.976375291738430     
  -102.527281629130        1.93091395624253     
  -102.507246315003        1.05640376255500     
  -102.530149029338        1.05908843760780     
  -102.530149029338        1.05908843760780     
  -102.519197112274       0.998486604976417     
  -102.518492369916        1.38467681528391     
  -102.520420667246       0.530280673831876     
  -102.514575072420       0.574358735263825     
  -102.521056608355        1.40949052568884     
  -102.517889596596        1.53905416711984     
  -102.531104484438        1.08624585858346     
  -102.531104484438        1.08624585858346     
  -102.514472119723       0.586620217738595     
  -102.514527084708        1.40770713663406     
  -102.522932346528       0.565982511595393     
  -102.512822160874       0.674687143909668     
  -102.512230195692       0.524547148467669     
  -102.503177118830        1.58399652940664     
  -102.509937379455       0.751602350373643     
  -102.530227985468        1.00205853350952     
  -102.530227985468        1.00205853350952     
  -102.510815598445        1.76819881322030     
  -102.505080627355       0.503596527918679     
  -102.509979762003       0.771389908590236     
  -102.520150879065        1.00294725529674     
  -102.523188342830       0.960900381117161     
  -102.518465502189       0.849828739673005     
  -102.528427136971        1.09420524723916     
  -102.530729990954        1.10687703498846     
  -102.507228125506       0.676981988387891     
  -102.520025590533        1.14016988334395     
  -102.527061650813       0.828944893208823     
  -102.515484217653       0.598961013289143     
  -102.510402275294       0.669440423296000     
  -102.519107402440       0.769059726230597     
  -102.512191583438       0.527806209151599     
  -102.525672505455       0.879318427529217     
  -102.510848013430       0.516315114075122     
  -102.519683063421       0.983864487978416     
  -102.517290791498        1.10982901722995     
  -102.505854078360       0.749540949646710     
  -102.530195699683        1.74956432662288     
  -102.514725581741        1.40519174482905     
  -102.525787207653       0.902556547724319     
  -102.527331077138        1.52066405698770     
  -102.526531944293        1.32655948759761     
  -102.521670419819        1.29115796793617     
  -102.521042621192       0.832955980787805     
  -102.502824426983       0.569345224833138     
  -102.513508393906       0.627923756142257     
  -102.515975797515        1.28403336919743     
  -102.505258140747       0.581994138806721     
  -102.522537654695        1.60523869207131     
  -102.485441603919       0.775848061898865     
  -102.515373466620        1.74799921766755     
  -102.525511429245        1.01547948756408     
  -102.525511429245        1.01547948756408     
  -102.521744082780        1.59338241386015     
  -102.536734312816        1.59283899584095     
  -102.546898975351        1.70696804457251     
  -102.506512717460        1.16127948792438     
  -102.491580496512       0.698431176469386     
  -102.528316408329        1.01983042030331     
  -102.528316408329        1.01983042030331     
  -102.531146139126        1.49488102507288     
  -102.523007671053        1.50364547835549     
  -102.525214079517       0.797608490018522     
  -102.515301179182       0.640581502139769     
  -102.507021054924       0.790753879423703     
  -102.514115862954       0.667303967431521     
  -102.512215848591       0.654402256449875     
  -102.524576117565        1.58354548442885     
  -102.514840584562        1.15164279693152     
  -102.516655328955        1.07571940856460     
  -102.485988635264       0.528896521342823     
  -102.515943648402       0.701899408408729     
  -102.516327339597        1.03105928818225     
  -102.512258525089       0.884736629987258     
  -102.520525152646        1.11999245334140     
  -102.508747782479       0.873475010652821     
  -102.517728558250       0.832433706894473     
  -102.513554061143       0.614960033815185     
  -102.511470301543       0.957093217322474     
  -102.507619920168       0.839993247185837     
  -102.502227240156       0.855397682908023     
  -102.516147503892        1.37847744641721     
  -102.516894410077        1.31326923640865     
  -102.521514282370       0.567458080287279     
  -102.508236077940       0.535001358669216     
  -102.518173568643        1.05932662455700     
  -102.525753360930        1.40524467738392     
  -102.524551958574        1.52363099054737     
  -102.524640797528        1.65695660586469     
  -102.520188282235        1.16258667836324     
  -102.526913811379        1.18769208940697     
  -102.523764863446       0.981085020840524     
  -102.520269569866        1.56436872639321     
  -102.523513349482        1.48328481712505     
  -102.533462351650        1.60890721003343     
  -102.519474470413        1.09794352497770     
