  -1.00489903840000     
  -1.00489903840000     
  -1.00489903840000     
  -1.00489903840000     
  -1.00489903840000     
  -1.00489903840000     
  -1.00489903840000     
  -1.00489903840000     
  -4.71761866010000     
  -4.71761866010000     
  -4.71761866010000     
  -4.71761866010000     
  -4.71761866010000     
  -4.71761866010000     
  -4.71761866010000     
  -4.71761866010000     
  -5.04904969260000     
  -5.04904969260000     
  -5.04904969260000     
  -5.04904969260000     
  -5.04904969260000     
  -5.04904969260000     
  -5.04904969260000     
  -5.04904969260000     
  -4.76118275160000     
  -4.76118275160000     
  -4.76118275160000     
  -4.76118275160000     
  -4.76118275160000     
  -4.76118275160000     
  -4.76118275160000     
  -4.76118275160000     
  -4.78814387670000     
  -4.78814387670000     
  -4.78814387670000     
  -4.78814387670000     
  -4.78814387670000     
  -4.78814387670000     
  -4.78814387670000     
  -4.78814387670000     
  -4.71817332790000     
  -4.71817332790000     
  -4.71817332790000     
  -4.71817332790000     
  -4.71817332790000     
  -4.71817332790000     
  -4.71817332790000     
  -4.71817332790000     
  -4.77885606020000     
  -4.77885606020000     
  -4.77885606020000     
  -4.77885606020000     
  -4.77885606020000     
  -4.77885606020000     
  -4.77885606020000     
  -4.77885606020000     
  -4.88628858000000     
  -4.88628858000000     
  -4.88628858000000     
  -4.88628858000000     
  -4.88628858000000     
  -4.88628858000000     
  -4.88628858000000     
  -4.88628858000000     
  -4.77039038130000     
  -4.77039038130000     
  -4.77039038130000     
  -4.77039038130000     
  -4.77039038130000     
  -4.77039038130000     
  -4.77039038130000     
  -4.77039038130000     
  -3.15631436690000     
  -3.15631436690000     
  -3.15631436690000     
  -3.15631436690000     
  -3.15631436690000     
  -3.15631436690000     
  -3.15631436690000     
  -3.15631436690000     
  -4.61565895780000     
  -4.61565895780000     
  -4.61565895780000     
  -4.61565895780000     
  -4.61565895780000     
  -4.61565895780000     
  -4.61565895780000     
  -4.61565895780000     
  -4.73940517710000     
  -4.73940517710000     
  -4.73940517710000     
  -4.73940517710000     
  -4.73940517710000     
  -4.73940517710000     
  -4.73940517710000     
  -4.73940517710000     
  -4.74424105890000     
  -4.74424105890000     
  -4.74424105890000     
  -4.74424105890000     
  -4.74424105890000     
  -4.74424105890000     
  -4.74424105890000     
  -4.74424105890000     
  -4.85664085090000     
  -4.85664085090000     
  -4.85664085090000     
  -4.85664085090000     
  -4.85664085090000     
  -4.85664085090000     
  -4.85664085090000     
  -4.85664085090000     
  -4.63957592880000     
  -4.63957592880000     
  -4.63957592880000     
  -4.63957592880000     
  -4.63957592880000     
  -4.63957592880000     
  -4.63957592880000     
  -4.63957592880000     
  -4.79972969350000     
  -4.79972969350000     
  -4.79972969350000     
  -4.79972969350000     
  -4.79972969350000     
  -4.79972969350000     
  -4.79972969350000     
  -4.79972969350000     
  -4.75396612070000     
  -4.75396612070000     
  -4.75396612070000     
  -4.75396612070000     
  -4.75396612070000     
  -4.75396612070000     
  -4.75396612070000     
  -4.75396612070000     
  -4.60180352020000     
  -4.60180352020000     
  -4.60180352020000     
  -4.60180352020000     
  -4.60180352020000     
  -4.60180352020000     
  -4.60180352020000     
  -4.60180352020000     
  -4.00787037170000     
  -4.00787037170000     
  -4.00787037170000     
  -4.00787037170000     
  -4.00787037170000     
  -4.00787037170000     
  -4.00787037170000     
  -4.00787037170000     
  -4.44846475580000     
  -4.44846475580000     
  -4.44846475580000     
  -4.44846475580000     
  -4.44846475580000     
  -4.44846475580000     
  -4.44846475580000     
  -4.44846475580000     
