    0.5519192257   -0.0000000006   -0.0001649269   -0.0831074384
   -0.0000000047   -0.0004435039   -0.2655903836    0.0000000002
    0.0779135717   -0.1034518254   -0.0942337700   -0.0385912214
   -0.1034518256    0.0942337747   -0.0385912226    0.0025331845
    0.0000000004    0.0328143968    0.0005745312    0.0010303420
   -0.0164685471    0.0005745315   -0.0010303421   -0.0164685467
   -0.0000000047    0.5518791180    0.0000000140   -0.0000000042
   -0.0831109282   -0.0000000100   -0.0000000098   -0.0489252855
    0.0000000003   -0.0942408369   -0.2117680068   -0.0666948711
    0.0942408488   -0.2117680315    0.0666948775    0.0000000156
    0.0000337481   -0.0000000050    0.0009501017    0.0018296843
   -0.0284563092   -0.0009501103    0.0018297016    0.0284563036
   -0.0001686501   -0.0000156729    0.4881208046   -0.0004394187
   -0.0000320680   -0.2243876563    0.0778151554    0.0000018607
   -0.0759664139   -0.0385357201   -0.0665931179   -0.0752578250
   -0.0385422506    0.0666081121   -0.0752643742    0.0016138622
    0.0000033294   -0.0125304399   -0.0008654378   -0.0014268716
   -0.0123515441   -0.0008775402    0.0014544282   -0.0123625512
   -0.0831406337   -0.0000000057   -0.0004445577    0.5519033195
    0.0000000032   -0.0001786452    0.0025419284    0.0000000001
    0.0328119146    0.0005861598    0.0010444780   -0.0164610831
    0.0005861591   -0.0010444766   -0.0164610837   -0.2655789962
    0.0000000011    0.0779104225   -0.1034489672   -0.0942323132
   -0.0385884848   -0.1034489697    0.0942323132   -0.0385884827
   -0.0000000169   -0.0831109285   -0.0000000046   -0.0000000180
    0.5518795058    0.0000000199    0.0000000250    0.0000337433
   -0.0000000094    0.0009501016    0.0018296801   -0.0284562807
   -0.0009501072    0.0018296976    0.0284562740   -0.0000000003
   -0.0489252126   -0.0000000036   -0.0942410074   -0.2117682350
   -0.0666948966    0.0942410232   -0.2117682508    0.0666949009
   -0.0004394226   -0.0000320692   -0.2243876213   -0.0001686398
   -0.0000156778    0.4881202664    0.0016138715    0.0000033296
   -0.0125304185   -0.0008654421   -0.0014268802   -0.0123515257
   -0.0008775450    0.0014544373   -0.0123625335    0.0778152145
    0.0000018611   -0.0759662630   -0.0385357528   -0.0665931778
   -0.0752576772   -0.0385422837    0.0666081771   -0.0752642271
   -0.2655741048   -0.0000000013    0.0778265287    0.0025768370
   -0.0000000014    0.0016169748    0.2787947787   -0.0000000001
   -0.0887526847   -0.0092373194    0.0037168525    0.0051283110
   -0.0092373202   -0.0037168511    0.0051283107    0.0016493925
    0.0000000002   -0.0007837264    0.0005138683    0.0000142859
   -0.0000818568    0.0005138678   -0.0000142847   -0.0000818573
    0.0000005749   -0.0489250375    0.0000011873    0.0000121896
    0.0000374580   -0.0000017280   -0.0000021442    0.0434052630
    0.0000009225   -0.0230492948    0.0019590778    0.0092071738
    0.0230500350    0.0019571976   -0.0092066791   -0.0000051908
    0.0010256999    0.0000019875    0.0004123481    0.0002669396
    0.0002464190   -0.0004185179    0.0002734016   -0.0002492830
    0.0779030909    0.0000013485   -0.0759795237    0.0327960338
    0.0000051229   -0.0125366993   -0.0887510959   -0.0000001846
    0.0848859413   -0.0104152338    0.0001476913    0.0029381712
   -0.0104146132   -0.0001491276    0.0029388473   -0.0007865699
   -0.0000005208   -0.0058709117   -0.0001667580    0.0001997775
    0.0018112360   -0.0001648538   -0.0002041072    0.0018129389
   -0.1034529133   -0.0942368941   -0.0385469519    0.0005897285
    0.0009638198   -0.0008722023   -0.0092337082   -0.0230500959
   -0.0104170261    0.1026666752    0.1024027215    0.0440293683
    0.0075797393    0.0134272393    0.0053487974    0.0005149479
    0.0004147165   -0.0001687740    0.0011876119    0.0002796899
    0.0003627546    0.0001479186   -0.0002011970    0.0002640339
   -0.0942356123   -0.2117658927   -0.0666234633    0.0010508734
    0.0018645792   -0.0014490792    0.0037172456    0.0019578111
    0.0001490284    0.1024052429    0.2203545272    0.0760344567
   -0.0134271922   -0.0148181676   -0.0089327950    0.0000061227
    0.0002682384    0.0002021999    0.0002803181    0.0015063635
    0.0006672163    0.0002030017    0.0006325409   -0.0000475638
   -0.0385870172   -0.0666850204   -0.0752754355   -0.0164535743
   -0.0284276141   -0.0123622027    0.0051275620    0.0092058041
    0.0029384541    0.0440269450    0.0760271312    0.0840559359
    0.0053487621    0.0089325159    0.0028896224   -0.0000899882
    0.0002455142    0.0018132978    0.0003599477    0.0006601060
   -0.0058726686    0.0002673630    0.0000415633    0.0018129966
   -0.1034482911    0.0942418813   -0.0385505489    0.0005995703
   -0.0009568680   -0.0008744364   -0.0092372663    0.0230495353
   -0.0104151047    0.0075780199   -0.0134298143    0.0053480500
    0.1026669506   -0.1024047156    0.0440305485    0.0005076692
   -0.0004154534   -0.0001656500    0.0001454954    0.0001980369
    0.0002629794    0.0011878521   -0.0002826022    0.0003641621
    0.0942360890   -0.2117673153    0.0666222955   -0.0010394341
    0.0018549307    0.0014507366   -0.0037165564    0.0019580445
   -0.0001490960    0.0134265896   -0.0148187038    0.0089325812
   -0.1024066048    0.2203568459   -0.0760355849   -0.0000132141
    0.0002692085   -0.0001997515   -0.0002029971    0.0006354847
    0.0000483765   -0.0002838720    0.0015115049   -0.0006695574
   -0.0385888150    0.0666888496   -0.0752760694   -0.0164610337
    0.0284453922   -0.0123673022    0.0051254398   -0.0092063542
    0.0029394835    0.0053500094   -0.0089313427    0.0028904098
    0.0440300386   -0.0760325890    0.0840587980   -0.0000854461
   -0.0002473134    0.0018122146    0.0002653175   -0.0000482012
    0.0018111308    0.0003644895   -0.0006684413   -0.0058686651
    0.0025559158   -0.0000008748    0.0016238476   -0.2655823558
   -0.0000001507    0.0778392722    0.0016678058    0.0000000882
   -0.0007919219    0.0005148075    0.0000122839   -0.0000837040
    0.0005144841   -0.0000115491   -0.0000839911    0.2788020778
    0.0000000223   -0.0887572559   -0.0092363290    0.0037168733
    0.0051269217   -0.0092364062   -0.0037166932    0.0051268314
    0.0000121924    0.0000374596   -0.0000017279    0.0000005817
   -0.0489249680    0.0000011863   -0.0000051924    0.0010257003
    0.0000019881    0.0004123483    0.0002669405    0.0002464189
   -0.0004185192    0.0002734034   -0.0002492835   -0.0000021494
    0.0434051580    0.0000009236   -0.0230493099    0.0019590926
    0.0092071867    0.0230500486    0.0019572137   -0.0092066924
    0.0327960700    0.0000051218   -0.0125367292    0.0779031104
    0.0000013430   -0.0759793583   -0.0007865647   -0.0000005206
   -0.0058709126   -0.0001667585    0.0001997769    0.0018112353
   -0.0001648547   -0.0002041056    0.0018129378   -0.0887511313
   -0.0000001805    0.0848858116   -0.0104152457    0.0001476981
    0.0029381699   -0.0104146256   -0.0001491331    0.0029388454
    0.0005897388    0.0009638224   -0.0008722065   -0.1034529257
   -0.0942370648   -0.0385469741    0.0005149434    0.0004147164
   -0.0001687718    0.0011876111    0.0002796892    0.0003627566
    0.0001479183   -0.0002011976    0.0002640343   -0.0092336997
   -0.0230501111   -0.0104170357    0.1026666600    0.1024028937
    0.0440293881    0.0075797537    0.0134272517    0.0053488092
    0.0010508712    0.0018645868   -0.0014490821   -0.0942357876
   -0.2117661165   -0.0666235007    0.0000061245    0.0002682382
    0.0002021995    0.0002803182    0.0015063626    0.0006672193
    0.0002030029    0.0006325392   -0.0000475626    0.0037172589
    0.0019578249    0.0001490345    0.1024054149    0.2203547221
    0.0760344930   -0.0134272030   -0.0148181573   -0.0089328008
   -0.0164535909   -0.0284276437   -0.0123622273   -0.0385870314
   -0.0666850563   -0.0752752741   -0.0000899852    0.0002455147
    0.0018132966    0.0003599450    0.0006601014   -0.0058726697
    0.0002673616    0.0000415664    0.0018129949    0.0051275631
    0.0092058168    0.0029384519    0.0440269653    0.0760271759
    0.0840558074    0.0053487725    0.0089325248    0.0028896204
    0.0005995783   -0.0009568739   -0.0008744402   -0.1034483097
    0.0942420423   -0.0385505673    0.0005076665   -0.0004154530
   -0.0001656485    0.0001454963    0.0001980392    0.0002629807
    0.0011878513   -0.0002826008    0.0003641639   -0.0092372552
    0.0230495506   -0.0104151153    0.0075780360   -0.0134298239
    0.0053480628    0.1026669366   -0.1024048807    0.0440305639
   -0.0010394316    0.0018549336    0.0014507432    0.0942362683
   -0.2117675400    0.0666223361   -0.0000132151    0.0002692087
   -0.0001997519   -0.0002029982    0.0006354837    0.0000483750
   -0.0002838736    0.0015115070   -0.0006695623   -0.0037165678
    0.0019580591   -0.0001491030    0.0134266008   -0.0148186915
    0.0089325871   -0.1024067828    0.2203570393   -0.0760356242
   -0.0164610503    0.0284454201   -0.0123673266   -0.0385888277
    0.0666888855   -0.0752759155   -0.0000854442   -0.0002473137
    0.0018122138    0.0002653168   -0.0000482029    0.0018111297
    0.0003644867   -0.0006684366   -0.0058686662    0.0051254410
   -0.0092063669    0.0029394815    0.0053500199   -0.0089313511
    0.0028904082    0.0440300577   -0.0760326344    0.0840586752
