  -5.65273408905867     
  -5.65397057879898     
  -5.65655448539604     
  -5.65702772454363     
  -5.65418522211076     
  -5.65562912643713     
  -5.65541338965499     
  -5.65407189660516     
  -5.65643986935287     
  -5.65660312419904     
  -5.65486118645054     
  -5.65695344354504     
  -5.66552333219109     
  -5.65282422026280     
  -5.65172050171229     
  -5.65568013015810     
  -5.65612539898363     
  -5.65382909779182     
  -5.65611705170509     
  -5.65794817824364     
  -5.65619698407582     
