  -102.915322308200     
  -102.915322307800     
  -102.915322307300     
  -102.915322307200     
  -102.915322306000     
  -102.915322302100     
  -102.915322294300     
  -102.915322283800     
  -102.915322273700     
  -102.915322266800     
  -102.915322265800     
  -102.915322270800     
  -102.915322280600     
  -102.915322293600     
  -102.915322308800     
  -102.915322324600     
  -102.915322339400     
  -102.915322351700     
  -102.915322360400     
  -102.915322364800     
  -102.915322365400     
  -102.915322362600     
  -102.915322356400     
  -102.915322346500     
  -102.915322333300     
  -102.915322317400     
  -102.915322299100     
  -102.915322278500     
  -102.915322255400     
  -102.915322230000     
  -102.915322203100     
  -102.915322177200     
  -102.915322155300     
  -102.915322139300     
  -102.915322130200     
  -102.915322127100     
  -102.915322128500     
  -102.915322132700     
  -102.915322138100     
  -102.915322144400     
  -102.915322151300     
  -102.915322158800     
  -102.915322166400     
  -102.915322173400     
  -102.915322179300     
  -102.915322184300     
  -102.915322187400     
  -102.915322188200     
  -102.915322186500     
  -102.915322182700     
  -102.915322177900     
  -102.915322174100     
  -102.915322173200     
  -102.915322175400     
  -102.915322180000     
  -102.915322185500     
  -102.915322189800     
  -102.915322191300     
  -102.915322189400     
  -102.915322184300     
  -102.915322177200     
  -102.915322170100     
  -102.915322165200     
  -102.915322163600     
  -102.915322164500     
  -102.915322166400     
  -102.915322167800     
  -102.915322168300     
  -102.915322168000     
  -102.915322166800     
  -102.915322164500     
  -102.915322161000     
  -102.915322156100     
  -102.915322151300     
  -102.915322148300     
  -102.915322148400     
  -102.915322151300     
  -102.915322155700     
  -102.915322159900     
  -102.915322163000     
  -102.915322164900     
  -102.915322166300     
  -102.915322169000     
  -102.915322174400     
  -102.915322183300     
  -102.915322195800     
  -102.915322210400     
  -102.915322224400     
  -102.915322234400     
  -102.915322237800     
  -102.915322234400     
  -102.915322224400     
  -102.915322210400     
  -102.915322195800     
  -102.915322183300     
  -102.915322174400     
  -102.915322169000     
  -102.915322166300     
  -102.915322164900     
  -102.915322163000     
  -102.915322159900     
  -102.915322155700     
  -102.915322151300     
  -102.915322148400     
  -102.915322148300     
  -102.915322151300     
  -102.915322156100     
  -102.915322161000     
  -102.915322164500     
  -102.915322166800     
  -102.915322168000     
  -102.915322168300     
  -102.915322167800     
  -102.915322166400     
  -102.915322164500     
  -102.915322163600     
  -102.915322165200     
  -102.915322170100     
  -102.915322177200     
  -102.915322184300     
  -102.915322189400     
  -102.915322191300     
  -102.915322189800     
  -102.915322185500     
  -102.915322180000     
  -102.915322175400     
  -102.915322173200     
  -102.915322174100     
  -102.915322177900     
  -102.915322182700     
  -102.915322186500     
  -102.915322188200     
  -102.915322187400     
  -102.915322184300     
  -102.915322179300     
  -102.915322173400     
  -102.915322166400     
  -102.915322158800     
  -102.915322151300     
  -102.915322144400     
  -102.915322138100     
  -102.915322132700     
  -102.915322128500     
  -102.915322127100     
  -102.915322130200     
  -102.915322139300     
  -102.915322155300     
  -102.915322177200     
  -102.915322203100     
  -102.915322230000     
  -102.915322255400     
  -102.915322278500     
  -102.915322299100     
  -102.915322317400     
  -102.915322333300     
  -102.915322346500     
  -102.915322356400     
  -102.915322362600     
  -102.915322365400     
  -102.915322364800     
  -102.915322360400     
  -102.915322351700     
  -102.915322339400     
  -102.915322324600     
  -102.915322308800     
  -102.915322293600     
  -102.915322280600     
  -102.915322270800     
  -102.915322265800     
  -102.915322266800     
  -102.915322273700     
  -102.915322283800     
  -102.915322294300     
  -102.915322302100     
  -102.915322306000     
  -102.915322307200     
  -102.915322307300     
  -102.915322307800     
  -102.915322308200     
  -102.915322308400     
  -102.915322308200     
  -102.915322307800     
  -102.915322307300     
  -102.915322307200     
  -102.915322306000     
  -102.915322302100     
  -102.915322294300     
  -102.915322283800     
  -102.915322273700     
  -102.915322266800     
  -102.915322265800     
  -102.915322270800     
  -102.915322280600     
  -102.915322293600     
  -102.915322308800     
  -102.915322324600     
  -102.915322339400     
  -102.915322351700     
  -102.915322360400     
  -102.915322364800     
  -102.915322365400     
  -102.915322362600     
  -102.915322356400     
  -102.915322346500     
  -102.915322333300     
  -102.915322317400     
  -102.915322299100     
  -102.915322278500     
  -102.915322255400     
  -102.915322230000     
  -102.915322203100     
  -102.915322177200     
  -102.915322155300     
  -102.915322139300     
  -102.915322130200     
  -102.915322127100     
  -102.915322128500     
  -102.915322132700     
  -102.915322138100     
  -102.915322144400     
  -102.915322151300     
  -102.915322158800     
  -102.915322166400     
  -102.915322173400     
  -102.915322179300     
  -102.915322184300     
  -102.915322187400     
  -102.915322188200     
  -102.915322186500     
  -102.915322182700     
  -102.915322177900     
  -102.915322174100     
  -102.915322173200     
  -102.915322175400     
  -102.915322180000     
  -102.915322185500     
  -102.915322189800     
  -102.915322191300     
  -102.915322189400     
  -102.915322184300     
  -102.915322177200     
  -102.915322170100     
  -102.915322165200     
  -102.915322163600     
  -102.915322164500     
  -102.915322166400     
  -102.915322167800     
  -102.915322168300     
  -102.915322168000     
  -102.915322166800     
  -102.915322164500     
  -102.915322161000     
  -102.915322156100     
  -102.915322151300     
  -102.915322148300     
  -102.915322148400     
  -102.915322151300     
  -102.915322155700     
  -102.915322159900     
  -102.915322163000     
  -102.915322164900     
  -102.915322166300     
  -102.915322169000     
  -102.915322174400     
  -102.915322183300     
  -102.915322195800     
  -102.915322210400     
  -102.915322224400     
  -102.915322234400     
  -102.915322237800     
  -102.915322234400     
  -102.915322224400     
  -102.915322210400     
  -102.915322195800     
  -102.915322183300     
  -102.915322174400     
  -102.915322169000     
  -102.915322166300     
  -102.915322164900     
  -102.915322163000     
  -102.915322159900     
  -102.915322155700     
  -102.915322151300     
  -102.915322148400     
  -102.915322148300     
  -102.915322151300     
  -102.915322156100     
  -102.915322161000     
  -102.915322164500     
  -102.915322166800     
  -102.915322168000     
  -102.915322168300     
  -102.915322167800     
  -102.915322166400     
  -102.915322164500     
  -102.915322163600     
  -102.915322165200     
  -102.915322170100     
  -102.915322177200     
  -102.915322184300     
  -102.915322189400     
  -102.915322191300     
  -102.915322189800     
  -102.915322185500     
  -102.915322180000     
  -102.915322175400     
  -102.915322173200     
  -102.915322174100     
  -102.915322177900     
  -102.915322182700     
  -102.915322186500     
  -102.915322188200     
  -102.915322187400     
  -102.915322184300     
  -102.915322179300     
  -102.915322173400     
  -102.915322166400     
  -102.915322158800     
  -102.915322151300     
  -102.915322144400     
  -102.915322138100     
  -102.915322132700     
  -102.915322128500     
  -102.915322127100     
  -102.915322130200     
  -102.915322139300     
  -102.915322155300     
  -102.915322177200     
  -102.915322203100     
  -102.915322230000     
  -102.915322255400     
  -102.915322278500     
  -102.915322299100     
  -102.915322317400     
  -102.915322333300     
  -102.915322346500     
  -102.915322356400     
  -102.915322362600     
  -102.915322365400     
  -102.915322364800     
  -102.915322360400     
  -102.915322351700     
  -102.915322339400     
  -102.915322324600     
  -102.915322308800     
  -102.915322293600     
  -102.915322280600     
  -102.915322270800     
  -102.915322265800     
  -102.915322266800     
  -102.915322273700     
  -102.915322283800     
  -102.915322294300     
  -102.915322302100     
  -102.915322306000     
  -102.915322307200     
  -102.915322307300     
  -102.915322307800     
  -102.915322308200     
  -102.915322308400     
