  -102.915322305000     
  -102.915322294900     
  -102.915322280800     
  -102.915322266000     
  -102.915322253300     
  -102.915322243900     
  -102.915322238100     
  -102.915322234800     
  -102.915322232700     
  -102.915322230100     
  -102.915322226100     
  -102.915322220900     
  -102.915322215400     
  -102.915322211300     
  -102.915322210000     
  -102.915322211600     
  -102.915322214900     
  -102.915322218200     
  -102.915322220100     
  -102.915322220700     
  -102.915322220200     
  -102.915322218800     
  -102.915322216600     
  -102.915322213400     
  -102.915322209700     
  -102.915322206900     
  -102.915322206700     
  -102.915322209500     
  -102.915322214600     
  -102.915322219600     
  -102.915322222500     
  -102.915322222100     
  -102.915322218300     
  -102.915322211700     
  -102.915322203900     
  -102.915322196900     
  -102.915322192300     
  -102.915322190900     
  -102.915322192300     
  -102.915322194600     
  -102.915322195900     
  -102.915322195100     
  -102.915322191800     
  -102.915322186000     
  -102.915322178600     
  -102.915322170100     
  -102.915322160600     
  -102.915322150600     
  -102.915322140700     
  -102.915322131400     
  -102.915322122800     
  -102.915322115000     
  -102.915322108600     
  -102.915322104900     
  -102.915322105700     
  -102.915322112600     
  -102.915322126400     
  -102.915322146100     
  -102.915322169800     
  -102.915322194500     
  -102.915322217700     
  -102.915322238600     
  -102.915322257200     
  -102.915322273400     
  -102.915322287400     
  -102.915322298700     
  -102.915322306800     
  -102.915322311200     
  -102.915322312300     
  -102.915322310100     
  -102.915322304100     
  -102.915322294000     
  -102.915322280300     
  -102.915322264300     
  -102.915322247200     
  -102.915322230900     
  -102.915322216800     
  -102.915322206000     
  -102.915322200000     
  -102.915322200200     
  -102.915322206200     
  -102.915322215600     
  -102.915322225300     
  -102.915322232600     
  -102.915322236000     
  -102.915322236800     
  -102.915322236700     
  -102.915322237100     
  -102.915322237400     
  -102.915322237600     
  -102.915322237400     
  -102.915322237100     
  -102.915322236700     
  -102.915322236800     
  -102.915322236000     
  -102.915322232600     
  -102.915322225300     
  -102.915322215600     
  -102.915322206200     
  -102.915322200200     
  -102.915322200000     
  -102.915322206000     
  -102.915322216800     
  -102.915322230900     
  -102.915322247200     
  -102.915322264300     
  -102.915322280300     
  -102.915322294000     
  -102.915322304100     
  -102.915322310100     
  -102.915322312300     
  -102.915322311200     
  -102.915322306800     
  -102.915322298700     
  -102.915322287400     
  -102.915322273400     
  -102.915322257200     
  -102.915322238600     
  -102.915322217700     
  -102.915322194500     
  -102.915322169800     
  -102.915322146100     
  -102.915322126400     
  -102.915322112600     
  -102.915322105700     
  -102.915322104900     
  -102.915322108600     
  -102.915322115000     
  -102.915322122800     
  -102.915322131400     
  -102.915322140700     
  -102.915322150600     
  -102.915322160600     
  -102.915322170100     
  -102.915322178600     
  -102.915322186000     
  -102.915322191800     
  -102.915322195100     
  -102.915322195900     
  -102.915322194600     
  -102.915322192300     
  -102.915322190900     
  -102.915322192300     
  -102.915322196900     
  -102.915322203900     
  -102.915322211700     
  -102.915322218300     
  -102.915322222100     
  -102.915322222500     
  -102.915322219600     
  -102.915322214600     
  -102.915322209500     
  -102.915322206700     
  -102.915322206900     
  -102.915322209700     
  -102.915322213400     
  -102.915322216600     
  -102.915322218800     
  -102.915322220200     
  -102.915322220700     
  -102.915322220100     
  -102.915322218200     
  -102.915322214900     
  -102.915322211600     
  -102.915322210000     
  -102.915322211300     
  -102.915322215400     
  -102.915322220900     
  -102.915322226100     
  -102.915322230100     
  -102.915322232700     
  -102.915322234800     
  -102.915322238100     
  -102.915322243900     
  -102.915322253300     
  -102.915322266000     
  -102.915322280800     
  -102.915322294900     
  -102.915322305000     
  -102.915322308400     
  -102.915322305000     
  -102.915322294900     
  -102.915322280800     
  -102.915322266000     
  -102.915322253300     
  -102.915322243900     
  -102.915322238100     
  -102.915322234800     
  -102.915322232700     
  -102.915322230100     
  -102.915322226100     
  -102.915322220900     
  -102.915322215400     
  -102.915322211300     
  -102.915322210000     
  -102.915322211600     
  -102.915322214900     
  -102.915322218200     
  -102.915322220100     
  -102.915322220700     
  -102.915322220200     
  -102.915322218800     
  -102.915322216600     
  -102.915322213400     
  -102.915322209700     
  -102.915322206900     
  -102.915322206700     
  -102.915322209500     
  -102.915322214600     
  -102.915322219600     
  -102.915322222500     
  -102.915322222100     
  -102.915322218300     
  -102.915322211700     
  -102.915322203900     
  -102.915322196900     
  -102.915322192300     
  -102.915322190900     
  -102.915322192300     
  -102.915322194600     
  -102.915322195900     
  -102.915322195100     
  -102.915322191800     
  -102.915322186000     
  -102.915322178600     
  -102.915322170100     
  -102.915322160600     
  -102.915322150600     
  -102.915322140700     
  -102.915322131400     
  -102.915322122800     
  -102.915322115000     
  -102.915322108600     
  -102.915322104900     
  -102.915322105700     
  -102.915322112600     
  -102.915322126400     
  -102.915322146100     
  -102.915322169800     
  -102.915322194500     
  -102.915322217700     
  -102.915322238600     
  -102.915322257200     
  -102.915322273400     
  -102.915322287400     
  -102.915322298700     
  -102.915322306800     
  -102.915322311200     
  -102.915322312300     
  -102.915322310100     
  -102.915322304100     
  -102.915322294000     
  -102.915322280300     
  -102.915322264300     
  -102.915322247200     
  -102.915322230900     
  -102.915322216800     
  -102.915322206000     
  -102.915322200000     
  -102.915322200200     
  -102.915322206200     
  -102.915322215600     
  -102.915322225300     
  -102.915322232600     
  -102.915322236000     
  -102.915322236800     
  -102.915322236700     
  -102.915322237100     
  -102.915322237400     
  -102.915322237600     
  -102.915322237400     
  -102.915322237100     
  -102.915322236700     
  -102.915322236800     
  -102.915322236000     
  -102.915322232600     
  -102.915322225300     
  -102.915322215600     
  -102.915322206200     
  -102.915322200200     
  -102.915322200000     
  -102.915322206000     
  -102.915322216800     
  -102.915322230900     
  -102.915322247200     
  -102.915322264300     
  -102.915322280300     
  -102.915322294000     
  -102.915322304100     
  -102.915322310100     
  -102.915322312300     
  -102.915322311200     
  -102.915322306800     
  -102.915322298700     
  -102.915322287400     
  -102.915322273400     
  -102.915322257200     
  -102.915322238600     
  -102.915322217700     
  -102.915322194500     
  -102.915322169800     
  -102.915322146100     
  -102.915322126400     
  -102.915322112600     
  -102.915322105700     
  -102.915322104900     
  -102.915322108600     
  -102.915322115000     
  -102.915322122800     
  -102.915322131400     
  -102.915322140700     
  -102.915322150600     
  -102.915322160600     
  -102.915322170100     
  -102.915322178600     
  -102.915322186000     
  -102.915322191800     
  -102.915322195100     
  -102.915322195900     
  -102.915322194600     
  -102.915322192300     
  -102.915322190900     
  -102.915322192300     
  -102.915322196900     
  -102.915322203900     
  -102.915322211700     
  -102.915322218300     
  -102.915322222100     
  -102.915322222500     
  -102.915322219600     
  -102.915322214600     
  -102.915322209500     
  -102.915322206700     
  -102.915322206900     
  -102.915322209700     
  -102.915322213400     
  -102.915322216600     
  -102.915322218800     
  -102.915322220200     
  -102.915322220700     
  -102.915322220100     
  -102.915322218200     
  -102.915322214900     
  -102.915322211600     
  -102.915322210000     
  -102.915322211300     
  -102.915322215400     
  -102.915322220900     
  -102.915322226100     
  -102.915322230100     
  -102.915322232700     
  -102.915322234800     
  -102.915322238100     
  -102.915322243900     
  -102.915322253300     
  -102.915322266000     
  -102.915322280800     
  -102.915322294900     
  -102.915322305000     
  -102.915322308400     
