  -102.283089627900     
  -102.321617276000     
  -102.357933376000     
  -102.392161863000     
  -102.424419763100     
  -102.454817570600     
  -102.483459609500     
  -102.510444378900     
  -102.535864878100     
  -102.559808915700     
  -102.582359400100     
  -102.603594610900     
  -102.623588456300     
  -102.642410713600     
  -102.660127257800     
  -102.676800286200     
  -102.692488526700     
  -102.707247425400     
  -102.721129327400     
  -102.734183653300     
  -102.746457061700     
  -102.757993603200     
  -102.768834865200     
  -102.779020107900     
  -102.788586395100     
  -102.797568716300     
  -102.806000101800     
  -102.813911735800     
  -102.821333060300     
  -102.828291867400     
  -102.834814389500     
  -102.840925390400     
  -102.846648247300     
  -102.852005027300     
  -102.857016560800     
  -102.861702509800     
  -102.866081433500     
  -102.870170848500     
  -102.873987287200     
  -102.877546354200     
  -102.880862778100     
  -102.883950458600     
  -102.886822510600     
  -102.889491312600     
  -102.891968548700     
  -102.894265244800     
  -102.896391804800     
  -102.898358043700     
  -102.900173220800     
  -102.901846073100     
  -102.903384846700     
  -102.904797322200     
  -102.906090838000     
  -102.907272316800     
  -102.908348290800     
  -102.909324920300     
  -102.910208014400     
  -102.911003052500     
  -102.911715205300     
  -102.912349350500     
  -102.912910087800     
  -102.913401752200     
  -102.913828428200     
  -102.914193966400     
  -102.914501998100     
  -102.914755948400     
  -102.914959046300     
  -102.915114335300     
  -102.915224682400     
  -102.915292788100     
  -102.915321193300     
  -102.915312017200     
  -102.915266845700     
  -102.915187216600     
  -102.915074669500     
  -102.914930744700     
  -102.914756914000     
  -102.914554531300     
  -102.914324939200     
  -102.914069479200     
  -102.913789491100     
  -102.913486257000     
  -102.913160961500     
  -102.912814779200     
  -102.912448886800     
  -102.912064461100     
  -102.911662616900     
  -102.911244365600     
  -102.910810709700     
  -102.910362650800     
  -102.909901187100     
  -102.909427256100     
  -102.908941696400     
  -102.908445338000     
  -102.907939011600     
  -102.907423548100     
  -102.906899716900     
  -102.906368181500     
  -102.905829595000     
  -102.905284611900     
