  -102.915322308400     
  -102.915322111400     
  -102.915321526700     
  -102.915320561200     
  -102.915319207900     
  -102.915317460700     
  -102.915315318500     
  -102.915312780900     
  -102.915309825500     
  -102.915306437200     
  -102.915302619600     
  -102.915298357500     
  -102.915293622800     
  -102.915288415800     
  -102.915282736800     
  -102.915276570000     
  -102.915269896600     
  -102.915262698700     
  -102.915254947500     
  -102.915246617600     
  -102.915237682800     
  -102.915228116100     
  -102.915217889600     
  -102.915206969500     
  -102.915195321700     
  -102.915182915300     
  -102.915169728900     
  -102.915155734600     
  -102.915140896600     
  -102.915125171700     
  -102.915108525200     
  -102.915090938400     
  -102.915072393500     
  -102.915052854000     
  -102.915032263600     
  -102.915010547800     
  -102.914987623700     
  -102.914963409800     
  -102.914937851000     
  -102.914910929700     
  -102.914882637500     
  -102.914852932800     
  -102.914821737900     
  -102.914788966900     
  -102.914754539500     
  -102.914718379500     
  -102.914680413900     
  -102.914640571800     
  -102.914598780700     
  -102.914554964900     
  -102.914509049400     
  -102.914460964000     
  -102.914410641800     
  -102.914358010000     
  -102.914302981900     
  -102.914245455400     
  -102.914185318200     
  -102.914122455600     
  -102.914056752700     
  -102.913988097900     
  -102.913916386700     
  -102.913841517100     
  -102.913763388500     
  -102.913681900500     
  -102.913596945900     
  -102.913508404100     
  -102.913416143400     
  -102.913320022700     
  -102.913219896300     
  -102.913115620800     
  -102.913007059800     
  -102.912894079600     
  -102.912776540400     
  -102.912654292100     
  -102.912527180400     
  -102.912395052800     
  -102.912257752700     
  -102.912115115500     
  -102.911966965400     
  -102.911813119300     
  -102.911653398500     
  -102.911487630900     
  -102.911315645800     
  -102.911137262500     
  -102.910952284000     
  -102.910760499100     
  -102.910561689300     
  -102.910355637800     
  -102.910142134000     
  -102.909920973800     
  -102.909691958800     
  -102.909454886300     
  -102.909209541600     
  -102.908955693800     
  -102.908693094400     
  -102.908421481500     
  -102.908140587400     
  -102.907850148400     
  -102.907549908900     
  -102.907239619200     
  -102.906919034000     
  -102.906587905800     
  -102.906245976600     
  -102.905892971300     
  -102.905528595100     
  -102.905152537200     
  -102.904764480100     
  -102.904364108400     
  -102.903951115200     
  -102.903525202800     
  -102.903086076600     
  -102.902633438200     
  -102.902166977300     
  -102.901686368500     
  -102.901191271400     
  -102.900681332600     
  -102.900156194100     
  -102.899615495300     
  -102.899058874800     
  -102.898485972900     
  -102.897896427700     
  -102.897289871000     
  -102.896665928000     
  -102.896024217300     
  -102.895364351700     
  -102.894685936200     
  -102.893988568800     
  -102.893271843600     
  -102.892535352600     
  -102.891778683700     
  -102.891001414500     
  -102.890203111400     
  -102.889383331200     
  -102.888541626900     
  -102.887677551800     
  -102.886790655300     
  -102.885880484800     
  -102.884946585300     
  -102.883988496600     
  -102.883005749700     
  -102.881997865100     
  -102.880964355800     
  -102.879904973700     
  -102.878819495100     
  -102.877708173800     
  -102.876573341400     
  -102.875417726600     
  -102.874244011000     
  -102.873055336200     
  -102.871855390200     
  -102.870647832500     
  -102.869435789400     
  -102.868221929000     
  -102.867008852400     
  -102.865798786500     
  -102.864593709800     
  -102.863395517700     
  -102.862205650500     
  -102.861025322600     
  -102.859855656900     
  -102.858697329100     
  -102.857550844000     
  -102.856416593400     
  -102.855294503900     
  -102.854184368700     
  -102.853085855000     
  -102.851998187200     
  -102.850920489000     
  -102.849851738600     
  -102.848790486900     
  -102.847735207800     
  -102.846684213800     
  -102.845635412400     
  -102.844586664600     
  -102.843535667600     
  -102.842479734100     
  -102.841416141400     
  -102.840341999900     
  -102.839254066200     
  -102.838149081500     
  -102.837023628200     
  -102.835873952900     
  -102.834696299900     
  -102.833486777400     
  -102.832241182100     
  -102.830955324700     
  -102.829624901800     
  -102.828245314900     
  -102.826812002400     
  -102.825320325000     
  -102.823765385300     
  -102.822142340400     
  -102.820446307200     
  -102.818672152600     
  -102.816814821400     
  -102.814869300700     
  -102.812830387700     
  -102.810692992300     
  -102.808452069900     
  -102.806102497500     
  -102.803639194400     
  -102.801057353100     
  -102.798352415900     
  -102.795520120500     
  -102.792556564200     
  -102.789458483400     
  -102.786223133900     
  -102.782848167500     
  -102.779331817100     
  -102.775672869000     
  -102.771870511300     
  -102.767924423400     
  -102.763834814900     
  -102.759602199900     
  -102.755227382900     
  -102.750711555900     
  -102.746056180400     
  -102.741263121600     
  -102.736334442700     
  -102.731274127600     
  -102.726087325100     
  -102.720779300300     
  -102.715355685700     
  -102.709822890700     
  -102.704187602500     
  -102.698456467400     
  -102.692635589600     
  -102.686731059000     
  -102.680748976800     
  -102.674695284400     
  -102.668576022100     
  -102.662397123800     
  -102.656164430000     
  -102.649883854600     
  -102.643560382000     
  -102.637194802600     
  -102.630786557900     
  -102.624334772400     
  -102.617838354700     
  -102.611296286000     
  -102.604707348400     
  -102.598070303000     
  -102.591384144100     
  -102.584647793200     
  -102.577860338700     
  -102.571021268400     
  -102.564130215100     
  -102.557187240500     
  -102.550193036500     
  -102.543148678600     
  -102.536055961000     
  -102.528917581000     
  -102.521736900500     
  -102.514518292700     
  -102.507267311200     
  -102.499990387900     
  -102.492695093400     
  -102.485390159800     
  -102.478084897800     
  -102.470788929700     
  -102.463511212500     
  -102.456257399100     
  -102.449024870600     
  -102.441790491900     
  -102.434490789600     
  -102.427044546200     
  -102.419412685000     
  -102.411586513100     
  -102.403565341600     
  -102.395350943800     
  -102.386946217000     
  -102.378355100300     
  -102.369582691500     
  -102.360634929500     
  -102.351518692200     
  -102.342242047800     
  -102.332814233200     
  -102.323245651900     
  -102.313547899300     
  -102.303733922600     
  -102.293818073000     
  -102.283815835700     
  -102.273743879200     
  -102.263620137500     
  -102.253463548700     
  -102.243294022600     
  -102.233132559300     
  -102.223000971700     
  -102.212921766100     
  -102.202918243200     
  -102.193014267600     
  -102.183234057800     
  -102.173602226900     
  -102.164143645800     
  -102.154883156200     
  -102.145845529400     
  -102.137055436900     
  -102.128537116700     
  -102.120314238800     
  -102.112409936400     
