  -102.915322308400     
  -102.915322102900     
  -102.915321485800     
  -102.915320455000     
  -102.915319003200     
  -102.915317122800     
  -102.915314815000     
  -102.915312084800     
  -102.915308933800     
  -102.915305354600     
  -102.915301331400     
  -102.915296846000     
  -102.915291882300     
  -102.915286428700     
  -102.915280475100     
  -102.915274012900     
  -102.915267035200     
  -102.915259533900     
  -102.915251497600     
  -102.915242911600     
  -102.915233757300     
  -102.915224013000     
  -102.915213656700     
  -102.915202669500     
  -102.915191032800     
  -102.915178723300     
  -102.915165713700     
  -102.915151971400     
  -102.915137465800     
  -102.915122170000     
  -102.915106059600     
  -102.915089107500     
  -102.915071285500     
  -102.915052564900     
  -102.915032913300     
  -102.915012293700     
  -102.914990669600     
  -102.914968006500     
  -102.914944269600     
  -102.914919419400     
  -102.914893408600     
  -102.914866184000     
  -102.914837691700     
  -102.914807877000     
  -102.914776685800     
  -102.914744066300     
  -102.914709968500     
  -102.914674340500     
  -102.914637127500     
  -102.914598272900     
  -102.914557717600     
  -102.914515400600     
  -102.914471260500     
  -102.914425233400     
  -102.914377252100     
  -102.914327243600     
  -102.914275128400     
  -102.914220819600     
  -102.914164224000     
  -102.914105246400     
  -102.914043794900     
  -102.913979781700     
  -102.913913120100     
  -102.913843723600     
  -102.913771504200     
  -102.913696370900     
  -102.913618227100     
  -102.913536969500     
  -102.913452486800     
  -102.913364661400     
  -102.913273370000     
  -102.913178483900     
  -102.913079870900     
  -102.912977398000     
  -102.912870931700     
  -102.912760338700     
  -102.912645486100     
  -102.912526238900     
  -102.912402457700     
  -102.912273995500     
  -102.912140697600     
  -102.912002403000     
  -102.911858945900     
  -102.911710155800     
  -102.911555857500     
  -102.911395871200     
  -102.911230012400     
  -102.911058090900     
  -102.910879910300     
  -102.910695268800     
  -102.910503960500     
  -102.910305775000     
  -102.910100497500     
  -102.909887909300     
  -102.909667786400     
  -102.909439899400     
  -102.909204011900     
  -102.908959880000     
  -102.908707252200     
  -102.908445871300     
  -102.908175475400     
  -102.907895797800     
  -102.907606566300     
  -102.907307502400     
  -102.906998321600     
  -102.906678731200     
  -102.906348429100     
  -102.906007102700     
  -102.905654429500     
  -102.905290076500     
  -102.904913701300     
  -102.904524953700     
  -102.904123477500     
  -102.903708911600     
  -102.903280889400     
  -102.902839037900     
  -102.902382976500     
  -102.901912312800     
  -102.901426644100     
  -102.900925557300     
  -102.900408627200     
  -102.899875416600     
  -102.899325477600     
  -102.898758351800     
  -102.898173569200     
  -102.897570651300     
  -102.896949109500     
  -102.896308444900     
  -102.895648148800     
  -102.894967701800     
  -102.894266572800     
  -102.893544220300     
  -102.892800091100     
  -102.892033617200     
  -102.891244216600     
  -102.890431291100     
  -102.889594226200     
  -102.888732392800     
  -102.887845147100     
  -102.886931828200     
  -102.885991758900     
  -102.885024246800     
  -102.884028584100     
  -102.883004047600     
  -102.881949898000     
  -102.880865378100     
  -102.879749712500     
  -102.878602107600     
  -102.877421750500     
  -102.876207807400     
  -102.874959424200     
  -102.873675724700     
  -102.872355807400     
  -102.870998748700     
  -102.869603606000     
  -102.868169412900     
  -102.866695176900     
  -102.865179881200     
  -102.863622484800     
  -102.862021919200     
  -102.860377087300     
  -102.858686867000     
  -102.856950105100     
  -102.855165614300     
  -102.853332176400     
  -102.851448546300     
  -102.849513443800     
  -102.847525550800     
  -102.845483656200     
  -102.843386790300     
  -102.841234144800     
  -102.839027363700     
  -102.836768898000     
  -102.834461127000     
  -102.832107025400     
  -102.829710173200     
  -102.827274027200     
  -102.824801243000     
  -102.822294090000     
  -102.819754619300     
  -102.817184340700     
  -102.814584615900     
  -102.811956394700     
  -102.809300115000     
  -102.806616088200     
  -102.803904085000     
  -102.801163550200     
  -102.798393746700     
  -102.795593344500     
  -102.792760840600     
  -102.789894414200     
  -102.786991748600     
  -102.784050448600     
  -102.781067680000     
  -102.778040308300     
  -102.774965149200     
  -102.771838564500     
  -102.768656821100     
  -102.765416238600     
  -102.762112799900     
  -102.758743004700     
  -102.755303303800     
  -102.751790673200     
  -102.748204191300     
  -102.744543827900     
  -102.740810619600     
  -102.737007262700     
  -102.733138559600     
  -102.729211967000     
  -102.725237474600     
  -102.721227301400     
  -102.717195777100     
  -102.713159019700     
  -102.709135270000     
  -102.705145531000     
  -102.701213762700     
  -102.697367475500     
  -102.693638255600     
  -102.690062412400     
  -102.686682176700     
  -102.683545810000     
  -102.680707982700     
  -102.678230138800     
  -102.676179576800     
  -102.674627238800     
  -102.673643529700     
  -102.673288798000     
  -102.673591133000     
  -102.674501613900     
  -102.675839525400     
  -102.677345603400     
  -102.678851704900     
  -102.680308150700     
  -102.681700281600     
  -102.683018509500     
  -102.684254202400     
  -102.685399274600     
  -102.686446335900     
  -102.687388142500     
  -102.688217704800     
  -102.688928554900     
  -102.689514393300     
  -102.689969162800     
  -102.690287202900     
  -102.690463044600     
  -102.690491576900     
  -102.690367777400     
  -102.690086799400     
  -102.689644336300     
  -102.689036133300     
  -102.688254487500     
  -102.687283210300     
  -102.686104055500     
  -102.684697683300     
  -102.683043624000     
  -102.681120329500     
  -102.678905122700     
  -102.676374002500     
  -102.673501626600     
  -102.670261337500     
  -102.666625078300     
  -102.662563186300     
  -102.658044344000     
  -102.653035593700     
  -102.647502246200     
  -102.641407709300     
  -102.634713378100     
  -102.627378658400     
  -102.619360869900     
  -102.610615100400     
  -102.601094012400     
  -102.590747849700     
  -102.579524357700     
  -102.567368674000     
  -102.554223200900     
  -102.540027486300     
  -102.524718135400     
  -102.508228708100     
  -102.490489638800     
  -102.471428193800     
  -102.450968296200     
  -102.429030403700     
  -102.405531418600     
  -102.380384626300     
  -102.353499677700     
  -102.324782469000     
  -102.294135086000     
  -102.261455769600     
  -102.226638926800     
  -102.189575180700     
  -102.150151358700     
  -102.108250603000     
  -102.063752341400     
  -102.016532631500     
  -101.966464234300     
  -101.913416890100     
  -101.857257594800     
  -101.797850935300     
  -101.735059515300     
  -101.668744465100     
  -101.598766039200     
  -101.524984285100     
  -101.447259813400     
  -101.365454649000     
  -101.279433199100     
  -101.189063388600     
  -101.094217927800     
  -100.994775727400     
  -100.890623426200     
  -100.781657085800     
  -100.667784059000     
  -100.548925033600     
  -100.425016241600     
  -100.296011839800     
  -100.161886477300     
  -100.022638012100     
  -99.8782903879000     
  -99.7288966549000     
  -99.5745421024000     
  -99.4153474957000     
  -99.2514723646000     
  -99.0831183259000     
  -98.9105323615000     
  -98.7340099737000     
  -98.5538981840000     
  -98.3705982924000     
  -98.1845682448000     
  -97.9963245412000     
  -97.8064436187000     
  -97.6155625284000     
  -97.4243788068000     
  -97.2336494442000     
  -97.0441888032000     
  -96.8568654347000     
  -96.6725977517000     
  -96.4923484972000     
  -96.3171180001000     
  -96.1479363376000     
  -95.9858546655000     
  -95.8319359782000     
  -95.6872458368000     
  -95.5528438162000     
  -95.4297767432000     
  -95.3190756368000     
  -95.2217577653000     
  -95.1388365713000     
  -95.0713401101000     
  -95.0203380812000     
  -94.9869890787000     
  -94.9728151256000     
  -94.9810282461000     
  -95.0120213983000     
  -95.0604745436000     
  -95.1244341282000     
  -95.2031635661000     
  -95.2959691476000     
  -95.4020952727000     
  -95.5207175702000     
  -95.6509477536000     
  -95.7918434423000     
  -95.9424201602000     
  -96.1016642581000     
  -96.2685460117000     
  -96.4420323378000     
  -96.6210987497000     
  -96.8047402595000     
  -96.9919810179000     
  -97.1818826794000     
  -97.3735513965000     
  -97.5661434074000     
  -97.7588693011000     
  -97.9509970670000     
  -98.1418539634000     
  -98.3308272807000     
  -98.5173642764000     
  -98.7009713429000     
  -98.8812124858000     
  -99.0577072738000     
  -99.2301283467000     
  -99.3981985651000     
  -99.5616879183000     
  -99.7204103902000     
  -99.8742206812000     
  -100.023010909500     
  -100.166707350000     
  -100.305267199900     
  -100.438675385000     
  -100.566941723500     
  -100.690098150500     
  -100.808196047800     
  -100.921303764700     
  -101.029504445700     
  -101.132893939400     
  -101.231578658300     
  -101.325673803000     
  -101.415301732500     
  -101.500590421000     
  -101.581672184200     
  -101.658683013600     
  -101.731761401400     
  -101.801047099800     
  -101.866679996600     
  -101.928799625500     
  -101.987544625000     
  -102.043052039400     
  -102.095456836300     
  -102.144891518100     
  -102.191485804800     
  -102.235366395000     
  -102.276656695900     
  -102.315476630100     
  -102.351942523400     
  -102.386167002100     
  -102.418258964400     
  -102.448323552900     
  -102.476462078800     
  -102.502772050500     
  -102.527347207000     
  -102.550277603100     
  -102.571649692400     
  -102.591546328200     
  -102.610046842000     
  -102.627227142100     
  -102.643159877300     
  -102.657914546700     
  -102.671557533700     
  -102.684152193200     
  -102.695758960200     
  -102.706435461800     
  -102.716236627200     
  -102.725214802800     
  -102.733419856400     
  -102.740899196900     
  -102.747697833400     
  -102.753858586600     
  -102.759422217000     
  -102.764427468700     
  -102.768911041400     
  -102.772907798100     
  -102.776450894000     
  -102.779571847800     
  -102.782300489800     
  -102.784665114900     
  -102.786692619400     
  -102.788408531200     
  -102.789837062300     
  -102.791001052600     
  -102.791922262000     
  -102.792621371300     
  -102.793117872400     
  -102.793430189000     
  -102.793571810300     
  -102.793548406400     
  -102.793364710900     
  -102.793025766400     
  -102.792537000600     
  -102.791903885600     
  -102.791132096900     
  -102.790227530500     
  -102.789196213500     
  -102.788044518100     
  -102.786778810700     
  -102.785405644100     
  -102.783931984300     
  -102.782364724200     
  -102.780710963200     
  -102.778978158900     
  -102.777173797700     
  -102.775305536000     
  -102.773381243500     
  -102.771408935600     
  -102.769396965000     
  -102.767353781500     
  -102.765288306800     
  -102.763210499100     
  -102.761131848000     
  -102.759068429700     
  -102.757047497900     
  -102.755121993100     
  -102.753398737600     
  -102.752065305100     
  -102.751352850200     
  -102.751410528000     
  -102.752224823600     
  -102.753663011200     
  -102.755556355100     
  -102.757753559000     
  -102.760139462300     
  -102.762635054800     
  -102.765190152100     
  -102.767774210800     
  -102.770369083300     
  -102.772963559900     
  -102.775550142300     
  -102.778123858500     
  -102.780681434700     
  -102.783220556000     
  -102.785739648300     
  -102.788237264100     
  -102.790713163500     
  -102.793168516800     
  -102.795604208600     
  -102.798021482600     
  -102.800421752000     
  -102.802806218200     
  -102.805176145600     
  -102.807532693000     
  -102.809876795300     
  -102.812209448100     
  -102.814531255700     
  -102.816842733600     
  -102.819144308600     
  -102.821435966300     
  -102.823717679200     
  -102.825989133500     
  -102.828249642100     
  -102.830498486500     
  -102.832734487900     
  -102.834956236900     
  -102.837162189600     
  -102.839350244200     
  -102.841518178800     
  -102.843663496300     
  -102.845783277100     
  -102.847874513700     
  -102.849933533700     
  -102.851956217700     
  -102.853938636000     
  -102.855877747600     
  -102.857770747300     
  -102.859614836400     
  -102.861409203100     
  -102.863154614900     
  -102.864851714000     
  -102.866501512200     
  -102.868105041600     
  -102.869663326900     
  -102.871177391300     
  -102.872648255900     
  -102.874076931000     
  -102.875464407900     
  -102.876811653700     
  -102.878119614600     
  -102.879389224300     
  -102.880621403200     
  -102.881817052100     
  -102.882977044600     
  -102.884102237100     
  -102.885193474000     
  -102.886251579700     
  -102.887277365200     
  -102.888271639200     
  -102.889235211400     
  -102.890168881400     
  -102.891073438900     
  -102.891949660800     
  -102.892798301600     
  -102.893620090600     
  -102.894415732500     
  -102.895185913300     
  -102.895931300000     
  -102.896652551600     
  -102.897350320200     
  -102.898025240100     
  -102.898677924900     
  -102.899308982000     
  -102.899919023700     
  -102.900508652600     
  -102.901078452300     
  -102.901628994400     
  -102.902160835200     
  -102.902674515800     
  -102.903170564100     
  -102.903649490900     
  -102.904111791400     
  -102.904557952000     
  -102.904988454200     
  -102.905403769700     
  -102.905804352900     
  -102.906190648600     
  -102.906563090500     
  -102.906922103300     
  -102.907268100200     
  -102.907601496800     
  -102.907922701400     
  -102.908232104600     
  -102.908530079100     
  -102.908816979800     
  -102.909093147900     
  -102.909358917600     
  -102.909614625200     
  -102.909860610000     
  -102.910097206400     
  -102.910324737700     
  -102.910543515000     
  -102.910753833900     
  -102.910955973800     
  -102.911150204100     
  -102.911336785600     
  -102.911515976900     
  -102.911688040800     
  -102.911853235100     
  -102.912011806400     
  -102.912163982200     
  -102.912309973200     
  -102.912449990000     
  -102.912584253200     
  -102.912712983800     
  -102.912836391200     
  -102.912954674000     
  -102.913068027400     
  -102.913176639800     
  -102.913280687000     
  -102.913380332100     
  -102.913475732600     
  -102.913567044100     
  -102.913654421500     
  -102.913738015900     
  -102.913817975200     
  -102.913894436100     
  -102.913967529600     
  -102.914037389600     
  -102.914104156500     
  -102.914167956200     
  -102.914228904200     
  -102.914287116900     
  -102.914342712200     
  -102.914395799400     
  -102.914446476400     
  -102.914494835400     
  -102.914540969100     
  -102.914584970700     
  -102.914626928900     
  -102.914666927100     
  -102.914705051000     
  -102.914741382700     
  -102.914775994400     
  -102.914808957200     
  -102.914840345900     
  -102.914870228600     
  -102.914898665700     
  -102.914925724800     
  -102.914951474700     
  -102.914975978800     
  -102.914999292000     
  -102.915021462500     
  -102.915042535100     
  -102.915062556900     
  -102.915081577500     
  -102.915099643300     
  -102.915116796400     
  -102.915133080800     
  -102.915148542000     
  -102.915163221700     
  -102.915177157100     
  -102.915190381600     
  -102.915202919800     
  -102.915214801900     
  -102.915226059900     
  -102.915236725100     
  -102.915246829700     
  -102.915256406300     
  -102.915265483100     
  -102.915274083300     
  -102.915282228700     
  -102.915289941600     
  -102.915297242400     
  -102.915304147200     
  -102.915310673700     
  -102.915316843100     
  -102.915322676100     
  -102.915328190000     
  -102.915333400800     
  -102.915338325200     
  -102.915342981200     
  -102.915347383500     
  -102.915351542600     
  -102.915355468300     
  -102.915359172500     
  -102.915362668900     
  -102.915365968800     
  -102.915369082000     
  -102.915372018700     
  -102.915374788700     
  -102.915377400700     
  -102.915379862400     
  -102.915382183000     
  -102.915384372700     
  -102.915386439500     
  -102.915388386500     
  -102.915390218800     
  -102.915391943600     
  -102.915393568200     
  -102.915395099200     
  -102.915396542100     
  -102.915397901200     
  -102.915399180200     
  -102.915400383600     
  -102.915401516800     
  -102.915402584400     
