  -102.915322308400     
  -102.915322094500     
  -102.915321454300     
  -102.915320394000     
  -102.915318917600     
  -102.915317024300     
  -102.915314708400     
  -102.915311964000     
  -102.915308786700     
  -102.915305172600     
  -102.915301115800     
  -102.915296608800     
  -102.915291642600     
  -102.915286205800     
  -102.915280282400     
  -102.915273853900     
  -102.915266903500     
  -102.915259413800     
  -102.915251367800     
  -102.915242749200     
  -102.915233547100     
  -102.915223754300     
  -102.915213361500     
  -102.915202351000     
  -102.915190695000     
  -102.915178364700     
  -102.915165334200     
  -102.915151579900     
  -102.915137078400     
  -102.915121806900     
  -102.915105739300     
  -102.915088845100     
  -102.915071091600     
  -102.915052446100     
  -102.915032876200     
  -102.915012350000     
  -102.914990832700     
  -102.914968286000     
  -102.914944667500     
  -102.914919931900     
  -102.914894033400     
  -102.914866926900     
  -102.914838567700     
  -102.914808908600     
  -102.914777902200     
  -102.914745501600     
  -102.914711657500     
  -102.914676318900     
  -102.914639432400     
  -102.914600941200     
  -102.914560782600     
  -102.914518891000     
  -102.914475197800     
  -102.914429631000     
  -102.914382113900     
  -102.914332567800     
  -102.914280914200     
  -102.914227078500     
  -102.914170989200     
  -102.914112575700     
  -102.914051764200     
  -102.913988474900     
  -102.913922622100     
  -102.913854116100     
  -102.913782861000     
  -102.913708753900     
  -102.913631685200     
  -102.913551539800     
  -102.913468197600     
  -102.913381535400     
  -102.913291429700     
  -102.913197757800     
  -102.913100401100     
  -102.912999243600     
  -102.912894168400     
  -102.912785055800     
  -102.912671779600     
  -102.912554205300     
  -102.912432190900     
  -102.912305587300     
  -102.912174238600     
  -102.912037983800     
  -102.911896660300     
  -102.911750104200     
  -102.911598148300     
  -102.911440620300     
  -102.911277343600     
  -102.911108133900     
  -102.910932797000     
  -102.910751129600     
  -102.910562922000     
  -102.910367959600     
  -102.910166025900     
  -102.909956903100     
  -102.909740373900     
  -102.909516219300     
  -102.909284217200     
  -102.909044140100     
  -102.908795753900     
  -102.908538816400     
  -102.908273076500     
  -102.907998274000     
  -102.907714141000     
  -102.907420401100     
  -102.907116768600     
  -102.906802947400     
  -102.906478634100     
  -102.906143520400     
  -102.905797291900     
  -102.905439628100     
  -102.905070203200     
  -102.904688684500     
  -102.904294733500     
  -102.903888008100     
  -102.903468158900     
  -102.903034826200     
  -102.902587639800     
  -102.902126219600     
  -102.901650177400     
  -102.901159115500     
  -102.900652626300     
  -102.900130293900     
  -102.899591693300     
  -102.899036392700     
  -102.898463950000     
  -102.897873912100     
  -102.897265817300     
  -102.896639195200     
  -102.895993563800     
  -102.895328429100     
  -102.894643285500     
  -102.893937613600     
  -102.893210881900     
  -102.892462549000     
  -102.891692064400     
  -102.890898865700     
  -102.890082381000     
  -102.889242028200     
  -102.888377211600     
  -102.887487321100     
  -102.886571736700     
  -102.885629827100     
  -102.884660946000     
  -102.883664429100     
  -102.882639596500     
  -102.881585753500     
  -102.880502187300     
  -102.879388174200     
  -102.878242976600     
  -102.877065837900     
  -102.875855984200     
  -102.874612627200     
  -102.873334962100     
  -102.872022163300     
  -102.870673385600     
  -102.869287769400     
  -102.867864439100     
  -102.866402500500     
  -102.864901037500     
  -102.863359112100     
  -102.861775767100     
  -102.860150024900     
  -102.858480884500     
  -102.856767321500     
  -102.855008286200     
  -102.853202706900     
  -102.851349490700     
  -102.849447521700     
  -102.847495659500     
  -102.845492736700     
  -102.843437554200     
  -102.841328887500     
  -102.839165491400     
  -102.836946093900     
  -102.834669390700     
  -102.832334044200     
  -102.829938688300     
  -102.827481939400     
  -102.824962384700     
  -102.822378579400     
  -102.819729054700     
  -102.817012315800     
  -102.814226840500     
  -102.811371313000     
  -102.808444856500     
  -102.805446471700     
  -102.802378622400     
  -102.799245746000     
  -102.796052093900     
  -102.792802196500     
  -102.789501896800     
  -102.786157328600     
  -102.782774231500     
  -102.779357113000     
  -102.775910195300     
  -102.772437458600     
  -102.768942152900     
  -102.765427407100     
  -102.761896122900     
  -102.758350445800     
  -102.754792477700     
  -102.751224196600     
  -102.747646981000     
  -102.744062243900     
  -102.740471541200     
  -102.736875863100     
  -102.733276477000     
  -102.729674875100     
  -102.726072313700     
  -102.722470459400     
  -102.718871364100     
  -102.715276963900     
  -102.711689724400     
  -102.708112632600     
  -102.704548624500     
  -102.701001148500     
  -102.697474195400     
  -102.693971743700     
  -102.690498331600     
  -102.687059222900     
  -102.683659954200     
  -102.680306888700     
  -102.677007400300     
  -102.673769745500     
  -102.670603896300     
  -102.667522444700     
  -102.664540602900     
  -102.661676729000     
  -102.658953543800     
  -102.656398523200     
  -102.654044534800     
  -102.651930707100     
  -102.650102106200     
  -102.648608923600     
  -102.647505240200     
  -102.646845326100     
  -102.646676251500     
  -102.647024820500     
  -102.647872213800     
  -102.649117389400     
  -102.650578235800     
  -102.652089310100     
  -102.653566922300     
  -102.654976559700     
  -102.656300552100     
  -102.657526484300     
  -102.658643813100     
  -102.659642863100     
  -102.660514626300     
  -102.661251020700     
  -102.661844442200     
  -102.662287626000     
  -102.662573934200     
  -102.662697252200     
  -102.662651734600     
  -102.662431944700     
  -102.662033073400     
  -102.661450613800     
  -102.660680339500     
  -102.659718615000     
  -102.658562232800     
  -102.657208218600     
  -102.655653982600     
  -102.653897510500     
  -102.651937049700     
  -102.649771076800     
  -102.647398570700     
  -102.644818940400     
  -102.642031814600     
  -102.639037106900     
  -102.635835272500     
  -102.632427066900     
  -102.628813454300     
  -102.624995733800     
  -102.620975683000     
  -102.616755311500     
  -102.612336832500     
  -102.607722840800     
  -102.602916387700     
  -102.597920731800     
  -102.592739238600     
  -102.587372043000     
  -102.581814901500     
  -102.576063433600     
  -102.570113468900     
  -102.563961071600     
  -102.557602567300     
  -102.551034574000     
  -102.544254031600     
  -102.537258231900     
  -102.530044855900     
  -102.522612010100     
  -102.514958260800     
  -102.507082665500     
  -102.498984807700     
  -102.490664835900     
  -102.482123499100     
  -102.473362183000     
  -102.464382948200     
  -102.455188565200     
