23 angstroem    2phenol
free
   C   -3.0798   -0.3027    0.3931
   C   -3.1034   -1.6914    0.3931
   C   -1.9094   -2.4168    0.3811
   C   -0.6889   -1.7504    0.3760
   C   -0.6311   -0.3486    0.3876
   C   -1.8433    0.3688    0.3873
   O   -1.9200    1.7418    0.3837
   C    0.6700    0.3181    0.4000
   C    1.6472   -0.0338   -0.5425
   C    2.8954    0.5849   -0.5248
   C    3.1837    1.5564    0.4339
   C    2.2189    1.9070    1.3779
   C    0.9682    1.2924    1.3635
   H   -4.0079    0.2862    0.3967
   H   -4.0681   -2.2204    0.4000
   H   -1.9347   -3.5158    0.3771
   H    0.2519   -2.3224    0.3700
   H   -1.0300    2.0972    0.2356
   H    1.4209   -0.8010   -1.2983
   H    3.6550    0.3051   -1.2698
   H    4.1698    2.0432    0.4464
   H    2.4447    2.6685    2.1392
   H    0.2127    1.5602    2.1187
