          96 angstroem
   11.088649999999999        0.0000000000000000       -9.7072800000000008     
  -0.0000000000000000        0.0000000000000000       -19.940510000000000     
  0.51707999999999998       -3.6402299999999999       -12.014290000000001      Pb
   4.1349799999999997       -1.2134100000000001       -9.8912200000000006      Pb
   9.6793499999999995       -1.2134100000000001       -2.0782799999999999      Pb
   6.0614699999999999       -3.6402299999999999        4.4900000000000002E-002 Pb
   10.554430000000000       -3.6402299999999999       -15.069800000000001       I
   5.2722199999999999       -1.2134100000000001       -6.8656699999999997       I
 -0.27209000000000000       -1.2134100000000001       -5.1037200000000009       I
   5.0100899999999999       -3.6402299999999999       -16.840180000000000       I
   9.7066900000000000       -1.2134100000000001       -11.124440000000000       I
   6.0065799999999996       -3.6402299999999999       -10.812740000000000       I
  0.46232000000000001       -3.6402299999999999       -1.1566399999999999       I
   4.1624100000000004       -1.2134100000000001      -0.84504000000000001       I
   1.9635400000000001       -3.6402299999999999       -9.0002700000000004       I
   2.6833200000000001       -1.2134100000000001       -12.897200000000000       I
   8.2276100000000003       -1.2134100000000001       -19.012750000000000       I
   7.5079000000000002       -3.6402299999999999       -2.9691800000000002       I
   2.3635899999999999       -3.6402299999999999       -5.2744200000000001       N
   2.3969200000000002       -1.2134100000000001       -16.630009999999999       N
   7.9412500000000001       -1.2134100000000001       -15.279939999999998       N
   7.9079100000000002       -3.6402299999999999       -6.6950099999999999       N
   3.3565000000000000       -3.6402299999999999       -4.1609600000000002       C
   1.4093899999999999       -1.2134100000000001       -17.747850000000000       C
   6.9537300000000002       -1.2134100000000001       -14.162050000000001       C
   8.9008099999999999       -3.6402299999999999       -7.8085199999999997       C
   3.9836900000000002       -4.5330000000000004       -4.2455400000000001       H
   3.9836900000000002       -2.7474500000000002       -4.2455400000000001       H
   2.8137599999999998       -3.6402299999999999       -3.2096199999999997       H
   1.7250799999999999       -4.4672000000000001       -5.2295600000000002       H
   1.7250799999999999       -2.8132600000000001       -5.2295600000000002       H
   2.8129400000000002       -3.6402299999999999       -6.2057599999999988       H
  0.78269999999999995      -0.32007000000000002       -17.667090000000002       H
  0.78269999999999995       -2.1067499999999999       -17.667090000000002       H
   1.9583200000000003       -1.2134100000000001       -18.695950000000000       H
   3.0362100000000001       -2.0404700000000000       -16.674679999999999       H
   3.0362100000000001      -0.38635000000000008       -16.674679999999999       H
   1.9464300000000001       -1.2134100000000001       -15.699100000000000       H
   6.3270400000000002      -0.32007000000000002       -14.242810000000000       H
   6.3270400000000002       -2.1067499999999999       -14.242810000000000       H
   7.5026700000000002       -1.2134100000000001       -13.213960000000000       H
   8.5805399999999992       -2.0404700000000000       -15.235279999999999       H
   8.5805399999999992      -0.38635000000000008       -15.235279999999999       H
   7.4907599999999999       -1.2134100000000001       -16.210840000000001       H
   9.5280000000000005       -4.5330000000000004       -7.7239599999999999       H
   9.5280000000000005       -2.7474500000000002       -7.7239599999999999       H
   8.3580600000000000       -3.6402299999999999       -8.7598700000000012       H
   7.2694000000000001       -4.4672000000000001       -6.7398699999999998       H
   7.2694000000000001       -2.8132600000000001       -6.7398699999999998       H
   8.3572699999999998       -3.6402299999999999       -5.7636900000000013       H
  0.51707999999999998       -8.4938699999999994       -12.014290000000001      Pb
   4.1349799999999997       -6.0670500000000009       -9.8912200000000006      Pb
   9.6793499999999995       -6.0670500000000009       -2.0782799999999999      Pb
   6.0614699999999999       -8.4938699999999994        4.4900000000000002E-002 Pb
   10.554430000000000       -8.4938699999999994       -15.069800000000001       I
   5.2722199999999999       -6.0670500000000009       -6.8656699999999997       I
 -0.27209000000000000       -6.0670500000000009       -5.1037200000000009       I
   5.0100899999999999       -8.4938699999999994       -16.840180000000000       I
   9.7066900000000000       -6.0670500000000009       -11.124440000000000       I
   6.0065799999999996       -8.4938699999999994       -10.812740000000000       I
  0.46232000000000001       -8.4938699999999994       -1.1566399999999999       I
   4.1624100000000004       -6.0670500000000009      -0.84504000000000001       I
   1.9635400000000001       -8.4938699999999994       -9.0002700000000004       I
   2.6833200000000001       -6.0670500000000009       -12.897200000000000       I
   8.2276100000000003       -6.0670500000000009       -19.012750000000000       I
   7.5079000000000002       -8.4938699999999994       -2.9691800000000002       I
   2.3635899999999999       -8.4938699999999994       -5.2744200000000001       N
   2.3969200000000002       -6.0670500000000009       -16.630009999999999       N
   7.9412500000000001       -6.0670500000000009       -15.279939999999998       N
   7.9079100000000002       -8.4938699999999994       -6.6950099999999999       N
   3.3565000000000000       -8.4938699999999994       -4.1609600000000002       C
   1.4093899999999999       -6.0670500000000009       -17.747850000000000       C
   6.9537300000000002       -6.0670500000000009       -14.162050000000001       C
   8.9008099999999999       -8.4938699999999994       -7.8085199999999997       C
   3.9836900000000002       -9.3866399999999999       -4.2455400000000001       H
   3.9836900000000002       -7.6010900000000001       -4.2455400000000001       H
   2.8137599999999998       -8.4938699999999994       -3.2096199999999997       H
   1.7250799999999999       -9.3208400000000022       -5.2295600000000002       H
   1.7250799999999999       -7.6669000000000009       -5.2295600000000002       H
   2.8129400000000002       -8.4938699999999994       -6.2057599999999988       H
  0.78269999999999995       -5.1737099999999998       -17.667090000000002       H
  0.78269999999999995       -6.9603900000000003       -17.667090000000002       H
   1.9583200000000003       -6.0670500000000009       -18.695950000000000       H
   3.0362100000000001       -6.8941100000000004       -16.674679999999999       H
   3.0362100000000001       -5.2399900000000006       -16.674679999999999       H
   1.9464300000000001       -6.0670500000000009       -15.699100000000000       H
   6.3270400000000002       -5.1737099999999998       -14.242810000000000       H
   6.3270400000000002       -6.9603900000000003       -14.242810000000000       H
   7.5026700000000002       -6.0670500000000009       -13.213960000000000       H
   8.5805399999999992       -6.8941100000000004       -15.235279999999999       H
   8.5805399999999992       -5.2399900000000006       -15.235279999999999       H
   7.4907599999999999       -6.0670500000000009       -16.210840000000001       H
   9.5280000000000005       -9.3866399999999999       -7.7239599999999999       H
   9.5280000000000005       -7.6010900000000001       -7.7239599999999999       H
   8.3580600000000000       -8.4938699999999994       -8.7598700000000012       H
   7.2694000000000001       -9.3208400000000022       -6.7398699999999998       H
   7.2694000000000001       -7.6669000000000009       -6.7398699999999998       H
   8.3572699999999998       -8.4938699999999994       -5.7636900000000013       H
