          96 angstroem
   9.6782400000000006       -9.6782400000000006        16.763220000000000     
   0.0000000000000000        0.0000000000000000        16.592980000000001     
   0.0000000000000000        0.0000000000000000        5.0025000000000004      Pb
   0.0000000000000000        0.0000000000000000       0.85426000000000002      Pb
   2.5218799999999999       0.23291999999999999        2.8963500000000000       I
   1.0592200000000001        2.3004699999999998        7.0445900000000004       I
   3.7799000000000000        6.0811400000000004        2.8963500000000000       I
   8.2155900000000006        2.0675500000000002        2.8963500000000000       I
  -3.3764699999999999        6.3140599999999996        7.0445900000000004       I
   2.3172500000000000        8.1486800000000006        7.0445900000000004       I
   4.8391200000000003        2.7938700000000001        1.9364500000000000       N
   0.0000000000000000        5.5877400000000002        6.0846900000000002       N
   4.8391200000000003        2.7938700000000001       0.44452999999999998       C
   0.0000000000000000        5.5877400000000002        4.5927800000000003       C
   4.5702699999999998        3.7328800000000002        2.3082300000000004       H
   5.7867499999999996        2.5571999999999999        2.3082300000000004       H
   4.1603399999999997        2.0915300000000001        2.3082300000000004       H
 -0.94762999999999997        5.8244100000000003        6.4564800000000000       H
  0.67878000000000005        6.2900700000000001        6.4564800000000000       H
  0.26884999999999998        4.6487299999999996        6.4564800000000000       H
   5.4714299999999998        3.6147200000000002        8.9039999999999994E-002  H
   3.8120900000000000        2.9310299999999998        8.9039999999999994E-002  H
   5.2338499999999994        1.8358500000000000        8.9039999999999994E-002  H
 -0.63229999999999997        4.7668900000000001        4.2372800000000002       H
   1.0270300000000001        5.4505699999999999        4.2372800000000002       H
 -0.39473000000000003        6.5457500000000000        4.2372800000000002       H
   0.0000000000000000        0.0000000000000000        13.298990000000000      Pb
   0.0000000000000000        0.0000000000000000        9.1507500000000004      Pb
   2.5218799999999999       0.23291999999999999        11.192840000000000       I
   1.0592200000000001        2.3004699999999998        15.341080000000002       I
   3.7799000000000000        6.0811400000000004        11.192840000000000       I
   8.2155900000000006        2.0675500000000002        11.192840000000000       I
  -3.3764699999999999        6.3140599999999996        15.341080000000002       I
   2.3172500000000000        8.1486800000000006        15.341080000000002       I
   4.8391200000000003        2.7938700000000001        10.232940000000001       N
   0.0000000000000000        5.5877400000000002        14.381180000000001       N
   4.8391200000000003        2.7938700000000001        8.7410200000000007       C
   0.0000000000000000        5.5877400000000002        12.889270000000002       C
   4.5702699999999998        3.7328800000000002        10.604720000000000       H
   5.7867499999999996        2.5571999999999999        10.604720000000000       H
   4.1603399999999997        2.0915300000000001        10.604720000000000       H
 -0.94762999999999997        5.8244100000000003        14.752969999999999       H
  0.67878000000000005        6.2900700000000001        14.752969999999999       H
  0.26884999999999998        4.6487299999999996        14.752969999999999       H
   5.4714299999999998        3.6147200000000002        8.3855300000000010       H
   3.8120900000000000        2.9310299999999998        8.3855300000000010       H
   5.2338499999999994        1.8358500000000000        8.3855300000000010       H
 -0.63229999999999997        4.7668900000000001        12.533770000000001       H
   1.0270300000000001        5.4505699999999999        12.533770000000001       H
 -0.39473000000000003        6.5457500000000000        12.533770000000001       H
  -4.8391200000000003        8.3816100000000002        5.0025000000000004      Pb
  -4.8391200000000003        8.3816100000000002       0.85426000000000002      Pb
  -2.3172400000000004        8.6145300000000002        2.8963500000000000       I
  -3.7799000000000000        10.682080000000001        7.0445900000000004       I
  -1.0592200000000003        14.462750000000002        2.8963500000000000       I
   3.3764700000000007        10.449160000000001        2.8963500000000000       I
  -8.2155900000000006        14.695669999999998        7.0445900000000004       I
  -2.5218700000000003        16.530290000000001        7.0445900000000004       I
   0.0000000000000000        11.175480000000000        1.9364500000000000       N
  -4.8391200000000003        13.969350000000000        6.0846900000000002       N
   0.0000000000000000        11.175480000000000       0.44452999999999998       C
  -4.8391200000000003        13.969350000000000        4.5927800000000003       C
 -0.26885000000000014        12.114490000000000        2.3082300000000004       H
  0.94762999999999942        10.938810000000000        2.3082300000000004       H
 -0.67878000000000072        10.473139999999999        2.3082300000000004       H
  -5.7867499999999996        14.206020000000001        6.4564800000000000       H
  -4.1603399999999997        14.671680000000000        6.4564800000000000       H
  -4.5702699999999998        13.030339999999999        6.4564800000000000       H
  0.63230999999999915        11.996330000000000        8.9039999999999994E-002  H
  -1.0270300000000003        11.312640000000000        8.9039999999999994E-002  H
  0.39472999999999958        10.217459999999999        8.9039999999999994E-002  H
  -5.4714200000000002        13.148500000000000        4.2372800000000002       H
  -3.8120900000000000        13.832179999999999        4.2372800000000002       H
  -5.2338500000000012        14.927360000000000        4.2372800000000002       H
  -4.8391200000000003        8.3816100000000002        13.298990000000000      Pb
  -4.8391200000000003        8.3816100000000002        9.1507500000000004      Pb
  -2.3172400000000004        8.6145300000000002        11.192840000000000       I
  -3.7799000000000000        10.682080000000001        15.341080000000002       I
  -1.0592200000000003        14.462750000000002        11.192840000000000       I
   3.3764700000000007        10.449160000000001        11.192840000000000       I
  -8.2155900000000006        14.695669999999998        15.341080000000002       I
  -2.5218700000000003        16.530290000000001        15.341080000000002       I
   0.0000000000000000        11.175480000000000        10.232940000000001       N
  -4.8391200000000003        13.969350000000000        14.381180000000001       N
   0.0000000000000000        11.175480000000000        8.7410200000000007       C
  -4.8391200000000003        13.969350000000000        12.889270000000002       C
 -0.26885000000000014        12.114490000000000        10.604720000000000       H
  0.94762999999999942        10.938810000000000        10.604720000000000       H
 -0.67878000000000072        10.473139999999999        10.604720000000000       H
  -5.7867499999999996        14.206020000000001        14.752969999999999       H
  -4.1603399999999997        14.671680000000000        14.752969999999999       H
  -4.5702699999999998        13.030339999999999        14.752969999999999       H
  0.63230999999999915        11.996330000000000        8.3855300000000010       H
  -1.0270300000000003        11.312640000000000        8.3855300000000010       H
  0.39472999999999958        10.217459999999999        8.3855300000000010       H
  -5.4714200000000002        13.148500000000000        12.533770000000001       H
  -3.8120900000000000        13.832179999999999        12.533770000000001       H
  -5.2338500000000012        14.927360000000000        12.533770000000001       H
