96 
12.591333133704106 -0.037418440814177514 -12.591277534237813 
-0.19516321258173047 -0.0067013852974247366 -13.229722636942519 
5.816192582970119 -12.570445248777052 -12.920343090634258 Pb 
5.959289611971985 -0.04763482850132436 -6.305571577510981 Pb 
12.17983285791561 -0.13249763417614513 -6.3033584307239705 Pb 
12.030534533864584 -12.497097210932024 -12.920311738469787 Pb 
2.5833962267544566 -11.851462938186815 -13.09650421558477  I 
8.941641244101513 -0.7084592315142895 -13.083688057503599  I 
6.389082433707342 -9.386913640343687 -13.099977700121471  I 
4.9623651870855 -3.081281682732864 -13.02173846972938  I 
5.033899772281002 -9.530274321435025 -6.415499179847602  I 
6.524140382050475 -3.2324371375823593 -6.485210622561896  I 
2.743859320844842 -0.7693259718401898 -6.450291251500652  I 
9.016485747078308 -11.925216325649712 -6.446882984884828  I 
5.735850884176823 -12.550869810617352 -3.0854770295664236  I 
5.643959936928574 -0.0767843944091695 -9.703813972302589  I 
12.160330986828717 -12.446872868047999 -9.724239147292426  I 
12.316457217712644 -0.18693426744147834 -3.1078160848340466  I 
2.820774896493557 -2.0460550605844086 -2.4901977921604797  N 
3.844216753245406 -9.418949409436502 -2.5214778717892687  N 
3.755775886279009 -3.2077502092060453 -9.123713999283673  N 
2.6656381101815954 -10.572523186631816 -9.10762846773922  N 
9.13160318922856 -9.643215609312966 -3.2202658623583695  C 
8.857219548768844 -3.0701809623486285 -3.213611555609211  C 
8.710786761345165 -9.55032106237139 -9.816124039624695  C 
9.028901779887292 -2.98621738753514 -9.844321522921982  C 
8.27041994133512 -3.948348819895184 -2.924723648212413  H 
9.027242372537888 -3.0658960040861793 -4.29466050626341  H 
8.340675149967756 -2.156073312582125 -2.9033230121710147  H 
4.3746652022242944 -10.278688394690255 -2.7740435869137094  H 
3.725770349951801 -9.425064925855237 -1.4939598592235819  H 
4.440518014209003 -8.597703484064663 -2.756525077722583  H 
2.86173636525811 -2.192747274559205 -1.4670349395225541  H 
1.9494580995417086 -1.5135925632369627 -2.696361539735666  H 
3.631521715381035 -1.4419204312398177 -2.743158419936015  H 
8.26855963669704 -10.242358955846871 -2.9118711761362928  H 
10.059544630532503 -10.16453984936165 -2.963865548067851  H 
9.091990708425296 -9.444489185867498 -4.295613079076008  H 
4.351297943552783 -4.025053940015197 -9.374222545949062  H 
3.6382591009116187 -3.221892708542204 -8.096122159665367  H 
4.286248511784656 -2.3438093429292843 -9.36171052825833  H 
8.194869217262227 -10.471253772835576 -9.525476631316092  H 
8.879860433091418 -9.531673434092102 -10.897203326952225  H 
8.123184983203403 -8.679163475660834 -9.508371364100103  H 
1.7979240714499034 -11.110349770360726 -9.31546237454333  H 
2.698805095118748 -10.42002717333168 -8.085117507072635  H 
3.48078061464536 -11.173684156849223 -9.354034335472969  H 
8.162898413872758 -2.3896997386245107 -9.539099618540325  H 
8.990387495008243 -3.190523092131262 -10.918680468741478  H 
9.954348263093058 -2.4593561493298295 -9.590115245452152  H 
12.131901299020347 -6.273477508145371 -12.920343090634258 Pb 
12.237579887470352 -6.341944621845918 -6.305571577510981 Pb 
5.866789999679894 -6.426807427550626 -6.3033584307239705 Pb 
5.754910116184474 -6.200129470326497 -12.920311738469787 Pb 
8.899104943141952 -5.554495197218867 -13.09650421558477  I 
2.6285983857458803 -7.002769025008333 -13.083688057503599  I 
0.11345801601599127 -3.0899458997493707 -13.099977700121471  I 
11.240655462658822 -9.375591476002729 -13.02173846972938  I 
11.349608488556072 -3.2333065805791668 -6.415499179847602  I 
0.21109752354494407 -9.526746931225855 -6.485210622561896  I 
9.022149596043414 -7.063635765483684 -6.450291251500652  I 
2.740861329536853 -5.628248584905943 -6.446882984884828  I 
12.051559600376946 -6.253902069836219 -3.0854770295664236  I 
11.922250212202098 -6.371094187977937 -9.703813972302589  I 
5.884706569335978 -6.149905127255657 -9.724239147292426  I 
6.00341435935701 -6.481244060935521 -3.1078160848340466  I 
9.099065171692132 -8.340364854227904 -2.4901977921604797  N 
10.159925469220688 -3.121981668879546 -2.5214778717892687  N 
10.034066161852323 -9.502060002475911 -9.123713999283673  N 
8.98134682656909 -4.27555544566387 -9.10762846773922  N 
2.8559787715147253 -3.346247868741065 -3.2202658623583695  C 
2.5441766904506835 -9.36449075580531 -3.213611555609211  C 
2.4351623436538143 -3.2533533217770745 -9.816124039624695  C 
2.7158589216815545 -9.280527180879734 -9.844321522921982  C 
1.9573770828295909 -10.242658613538676 -2.924723648212413  H 
2.7141995142572064 -9.360205797505499 -4.29466050626341  H 
2.027632291649597 -8.450383106038805 -2.9033230121710147  H 
10.690373918199574 -3.981720654133302 -2.7740435869137094  H 
10.04147906611445 -3.1280971851114696 -1.4939598592235819  H 
10.75622673025923 -2.300735743432982 -2.756525077722583  H 
9.140026640456682 -8.487057068202699 -1.4670349395225541  H 
8.227748375115024 -7.807902356506829 -2.696361539735666  H 
9.909811990579609 -7.736230224883315 -2.743158419936015  H 
1.9929352190056877 -3.9453912152525557 -2.9118711761362928  H 
3.783920213099722 -3.86757210850953 -2.963865548067851  H 
2.81636629095504 -3.14752144505274 -4.295613079076008  H 
10.629588218751358 -10.319363733658692 -9.374222545949062  H 
9.916549376110193 -9.516202502185697 -8.096122159665367  H 
10.564538787357973 -8.638119136199151 -9.36171052825833  H 
1.9192447996083504 -4.174286032203896 -9.525476631316092  H 
2.6042360154450375 -3.2347056934529475 -10.897203326952225  H 
1.8475605656919283 -2.382195734887176 -9.508371364100103  H 
8.11363278746266 -4.813382029766405 -9.31546237454333  H 
9.014513811131499 -4.123059432737361 -8.085117507072635  H 
9.796489331032854 -4.876716415881276 -9.354034335472969  H 
1.8498555554421767 -8.68400953219328 -9.539099618540325  H 
2.677344636465239 -9.48483288581212 -10.918680468741478  H 
3.6413054046624773 -8.7536659428986 -9.590115245452152  H 
