96 
-17.829508788320556 -0.009074582655131032 -8.90778268311759 
-0.14293768108011104 -0.13305039435287494 13.229722636759622 
-2.904533790185228 -2.9198367113770036 12.92034309082759 Pb 
-2.8780383624979855 -2.7967363376970646 6.305571577614793 Pb 
-16.371420327759708 -7.2523751873044855 6.303358430817929 Pb 
-16.290601635730237 -7.491892083786988 12.920311738702004 Pb 
-4.68621883116679 -5.711521911708683 13.09650421562987  I 
-1.2326447249112178 -0.22306387859169383 13.08368805728903  I 
-0.25108857835803666 -4.769783951325633 13.09997770007036  I 
-5.725939560968575 -1.3523228555288984 13.021738469985815  I 
-1.311990802192198 -5.625096059738487 6.4154991796720715  I 
-4.726682140692881 -0.14258142097759285 6.485210622354955  I 
-5.664620669697931 -4.555937608034243 6.450291251274896  I 
-0.18265749820403743 -1.1171758584641198 6.446882985140207  I 
-2.947606958443406 -2.990424872768292 3.0854770295867167  I 
-3.1219223838485006 -2.9987340734972654 9.703813972259631  I 
-16.163224246124994 -7.435815311079415 9.72423914741437  I 
-16.313104149656073 -7.117361165431117 3.1078160848195275  I 
-6.511593760414383 -3.597506725947392 2.490197792154968  N 
-2.0758712303126687 -6.543913567571074 2.5214778717777757  N 
-6.66968760858851 -2.114682122465969 9.123713999407322  N 
-3.7249764727891543 -6.559144318319772 9.107628467844357  N 
-16.31942634818315 -2.651910622491777 3.2202658623583953  C 
-2.9690092944881306 -7.517983933438759 3.213611555584091  C 
-16.551841622523995 -3.0148141952304073 9.816124039657739  C 
-2.7881484470310003 -7.4562261465168485 9.844321522835834  C 
-4.004590445691522 -7.310416486956603 2.924723648199351  H 
-2.8455810788189706 -7.400972835488384 4.294660506248756  H 
-2.6893930880974204 -8.530024292546564 2.9033230121916294  H 
-2.307253905684097 -5.560557712660735 2.7740435868927023  H 
-2.164067734729554 -6.623212537646932 1.4939598592088716  H 
-1.0737514530194099 -6.704462674843285 2.7565250776999166  H 
-6.586159441117314 -3.464704592002791 1.4670349395351765  H 
-6.752674588082258 -4.589771461699711 2.6963615397279885  H 
-5.510905515560016 -3.4528965911321996 2.74315841995902  H 
-17.35362475254294 -2.8369797547823796 2.911871176131696  H 
-16.030382174292285 -1.627553386336177 2.9638655480539655  H 
-16.20716634190013 -2.820608669352968 4.295613079063101  H 
-6.8250263367656 -1.1154315088987858 9.374222545995918  H 
-6.762893292027674 -2.187640368994975 8.096122159843553  H 
-5.684039828829605 -2.3519445955336855 9.361710528226833  H 
-17.567421519108773 -2.7269158744199022 9.525476631399311  H 
-16.418944715563093 -2.908644271796423 10.897203327211733  H 
-16.352870294512762 -4.0466096211876685 9.508371363953497  H 
-4.719189286571878 -6.79093294730796 9.315462374563195  H 
-3.593818429459781 -6.6437176620804905 8.08511750682969  H 
-3.572180767739525 -5.557892458297557 9.35403433571369  H 
-2.980240052720302 -8.490100389587585 9.539099618742078  H 
-2.9596737253720016 -7.338738913268645 10.918680468539605  H 
-1.7607941579437465 -7.175910035166266 9.590115245353719  H 
-11.81928818434551 -2.9198367113770036 12.92034309082759 Pb 
-11.792792756658262 -2.7967363376970646 6.305571577614793 Pb 
-7.456665933599427 -7.2523751873044855 6.303358430817929 Pb 
-7.375847241569958 -7.491892083786988 12.920311738702004 Pb 
-13.600973225327065 -5.711521911708683 13.09650421562987  I 
-10.147399119071494 -0.22306387859169383 13.08368805728903  I 
-9.165842972518314 -4.769783951325633 13.09997770007036  I 
-14.640693955128851 -1.3523228555288984 13.021738469985815  I 
-10.226745196352473 -5.625096059738487 6.4154991796720715  I 
-13.641436534853158 -0.14258142097759285 6.485210622354955  I 
-14.579375063858208 -4.555937608034243 6.450291251274896  I 
-9.097411892364315 -1.1171758584641198 6.446882985140207  I 
-11.86236135260368 -2.990424872768292 3.0854770295867167  I 
-12.036676778008779 -2.9987340734972654 9.703813972259631  I 
-7.248469851964716 -7.435815311079415 9.72423914741437  I 
-7.3983497554957935 -7.117361165431117 3.1078160848195275  I 
-15.42634815457466 -3.597506725947392 2.490197792154968  N 
-10.99062562447295 -6.543913567571074 2.5214778717777757  N 
-15.584442002748789 -2.114682122465969 9.123713999407322  N 
-12.639730866949433 -6.559144318319772 9.107628467844357  N 
-7.40467195402287 -2.651910622491777 3.2202658623583953  C 
-11.88376368864841 -7.517983933438759 3.213611555584091  C 
-7.637087228363715 -3.0148141952304073 9.816124039657739  C 
-11.70290284119128 -7.4562261465168485 9.844321522835834  C 
-12.919344839851801 -7.310416486956603 2.924723648199351  H 
-11.760335472979248 -7.400972835488384 4.294660506248756  H 
-11.604147482257698 -8.530024292546564 2.9033230121916294  H 
-11.222008299844374 -5.560557712660735 2.7740435868927023  H 
-11.078822128889831 -6.623212537646932 1.4939598592088716  H 
-9.988505847179688 -6.704462674843285 2.7565250776999166  H 
-15.500913835277593 -3.464704592002791 1.4670349395351765  H 
-15.667428982242539 -4.589771461699711 2.6963615397279885  H 
-14.425659909720297 -3.4528965911321996 2.74315841995902  H 
-8.43887035838266 -2.8369797547823796 2.911871176131696  H 
-7.115627780132007 -1.627553386336177 2.9638655480539655  H 
-7.2924119477398515 -2.820608669352968 4.295613079063101  H 
-15.739780730925881 -1.1154315088987858 9.374222545995918  H 
-15.677647686187951 -2.187640368994975 8.096122159843553  H 
-14.598794222989884 -2.3519445955336855 9.361710528226833  H 
-8.652667124948492 -2.7269158744199022 9.525476631399311  H 
-7.504190321402812 -2.908644271796423 10.897203327211733  H 
-7.438115900352485 -4.0466096211876685 9.508371363953497  H 
-13.633943680732155 -6.79093294730796 9.315462374563195  H 
-12.508572823620058 -6.6437176620804905 8.08511750682969  H 
-12.486935161899803 -5.557892458297557 9.35403433571369  H 
-11.89499444688058 -8.490100389587585 9.539099618742078  H 
-11.87442811953228 -7.338738913268645 10.918680468539605  H 
-10.675548552104026 -7.175910035166266 9.590115245353719  H 
