          96 angstroem
  -17.829508788320556       -9.0745826551310322E-003  -8.9077826831175901     
 -0.14293768108011104      -0.13305039435287494        13.229722636759622     
  -4.7566541616645708       -4.7719570828563462        12.920343090827590      Pb
  -4.7301587339773290       -4.6488567091764077        6.3055715776147929      Pb
 -0.38495732826336126      -0.19671287566623766        6.3033584308179291      Pb
 -0.30413863623389170      -0.43622977214873976        12.920311738702006      Pb
  -6.5383392026461324       -7.5636422831880257        13.096504215629871       I
  -3.0847650963905604       -2.0751842500710365        13.083688057289033       I
  -2.1032089498373794       -6.6219043228049754        13.099977700070360       I
  -7.5780599324479176       -3.2044432270082410        13.021738469985815       I
  -3.1641111736715404       -7.4772164312178298        6.4154991796720715       I
  -6.5788025121722233       -1.9947017924569355        6.4852106223549546       I
  -7.5167410411772737       -6.4080579795135861        6.4502912512748960       I
  -2.0347778696833800       -2.9692962299434629        6.4468829851402072       I
  -4.7997273299227485       -4.8425452442476340        3.0854770295867167       I
  -4.9740427553278437       -4.8508544449766076        9.7038139722596313       I
 -0.17676124662864931      -0.38015299944116765        9.7242391474143695       I
 -0.32664115015972789       -6.1698853792867416E-002   3.1078160848195275       I
  -8.3637141318937260       -5.4496270974267338        2.4901977921549681       N
  -3.9279916017920113       -8.3960339390504171        2.5214778717777757       N
  -8.5218079800678534       -3.9668024939453121        9.1237139994073218       N
  -5.5770968442684978       -8.4112646897991148        9.1076284678443571       N
 -0.34203793134193439       -4.5040309939711198        3.2202658623583957       C
  -4.8120550833123428      -0.46232162180051184        3.2136115555840910       C
 -0.57445320568277791       -4.8669345667097490        9.8161240396577387       C
  -4.6311942358552125      -0.40056383487859987        9.8443215228358341       C
  -5.8476362345157336      -0.25475417531835526        2.9247236481993508       H
  -4.6886268676431824      -0.34531052385013589        4.2946605062487562       H
  -4.5324388769216322       -1.4743619809083162        2.9033230121916294       H
  -4.1593742771634394       -7.4126780841400777        2.7740435868927023       H
  -4.0161881062088964       -8.4753329091262728        1.4939598592088716       H
  -2.9258718244987523       -8.5565830463226273        2.7565250776999166       H
  -8.4382798125966563       -5.3168249634821336        1.4670349395351765       H
  -8.6047949595616018       -6.4418918331790529        2.6963615397279885       H
  -7.3630258870393588       -5.3050169626115427        2.7431584199590202       H
  -1.3762363357017260       -4.6891001262617227        2.9118711761316960       H
  -5.2993757451071100E-002  -3.4796737578155197        2.9638655480539655       H
 -0.22977792505891573       -4.6727290408323103        4.2956130790631013       H
  -8.6771467082449441       -2.9675518803781284        9.3742225459959183       H
  -8.6150136635070176       -4.0397607404743177        8.0961221598435529       H
  -7.5361602003089487       -4.2040649670130286        9.3617105282268334       H
  -1.5900331022675567       -4.5790362458992453        9.5254766313993109       H
 -0.44155629872187696       -4.7607646432757660        10.897203327211733       H
 -0.37548187767154978       -5.8987299926670111        9.5083713639534970       H
  -6.5713096580512218       -8.6430533187873024        9.3154623745631948       H
  -5.4459388009391239       -8.4958380335598349        8.0851175068296897       H
  -5.4243011392188683       -7.4100128297768997        9.3540343357136901       H
  -4.8232858415445143       -1.4344380779493366        9.5390996187420782       H
  -4.8027195141962133      -0.28307660163039572        10.918680468539605       H
  -3.6038399467679585      -0.12024772352801807        9.5901152453537186       H
  -13.671408555824851       -4.7719570828563462        12.920343090827590      Pb
  -13.644913128137606       -4.6488567091764077        6.3055715776147929      Pb
  -9.2997117224236394      -0.19671287566623766        6.3033584308179291      Pb
  -9.2188930303941703      -0.43622977214873976        12.920311738702006      Pb
  -15.453093596806411       -7.5636422831880257        13.096504215629871       I
  -11.999519490550840       -2.0751842500710365        13.083688057289033       I
  -11.017963343997659       -6.6219043228049754        13.099977700070360       I
  -16.492814326608197       -3.2044432270082410        13.021738469985815       I
  -12.078865567831818       -7.4772164312178298        6.4154991796720715       I
  -15.493556906332502       -1.9947017924569355        6.4852106223549546       I
  -16.431495435337553       -6.4080579795135861        6.4502912512748960       I
  -10.949532263843659       -2.9692962299434629        6.4468829851402072       I
  -13.714481724083026       -4.8425452442476340        3.0854770295867167       I
  -13.888797149488122       -4.8508544449766076        9.7038139722596313       I
  -9.0915156407889288      -0.38015299944116765        9.7242391474143695       I
  -9.2413955443200066       -6.1698853792867416E-002   3.1078160848195275       I
  -17.278468526054006       -5.4496270974267338        2.4901977921549681       N
  -12.842745995952290       -8.3960339390504171        2.5214778717777757       N
  -17.436562374228131       -3.9668024939453121        9.1237139994073218       N
  -14.491851238428776       -8.4112646897991148        9.1076284678443571       N
  -9.2567923255022126       -4.5040309939711198        3.2202658623583957       C
  -13.726809477472621      -0.46232162180051184        3.2136115555840910       C
  -9.4892075998430574       -4.8669345667097490        9.8161240396577387       C
  -13.545948630015491      -0.40056383487859987        9.8443215228358341       C
  -14.762390628676012      -0.25475417531835526        2.9247236481993508       H
  -13.603381261803461      -0.34531052385013589        4.2946605062487562       H
  -13.447193271081909       -1.4743619809083162        2.9033230121916294       H
  -13.074128671323718       -7.4126780841400777        2.7740435868927023       H
  -12.930942500369175       -8.4753329091262728        1.4939598592088716       H
  -11.840626218659031       -8.5565830463226273        2.7565250776999166       H
  -17.353034206756934       -5.3168249634821336        1.4670349395351765       H
  -17.519549353721882       -6.4418918331790529        2.6963615397279885       H
  -16.277780281199639       -5.3050169626115427        2.7431584199590202       H
  -10.290990729862004       -4.6891001262617227        2.9118711761316960       H
  -8.9677481516113513       -3.4796737578155197        2.9638655480539655       H
  -9.1445323192191950       -4.6727290408323103        4.2956130790631013       H
  -17.591901102405224       -2.9675518803781284        9.3742225459959183       H
  -17.529768057667294       -4.0397607404743177        8.0961221598435529       H
  -16.450914594469229       -4.2040649670130286        9.3617105282268334       H
  -10.504787496427834       -4.5790362458992453        9.5254766313993109       H
  -9.3563106928821558       -4.7607646432757660        10.897203327211733       H
  -9.2902362718318283       -5.8987299926670111        9.5083713639534970       H
  -15.486064052211500       -8.6430533187873024        9.3154623745631948       H
  -14.360693195099401       -8.4958380335598349        8.0851175068296897       H
  -14.339055533379147       -7.4100128297768997        9.3540343357136901       H
  -13.738040235704792       -1.4344380779493366        9.5390996187420782       H
  -13.717473908356492      -0.28307660163039572        10.918680468539605       H
  -12.518594340928237      -0.12024772352801807        9.5901152453537186       H
