96 
-13.107776642390576 -0.0040559294417686995 -12.761768979927366 
-0.38193175005818253 -0.03079072260187782 13.045982787896785 
-1.3999829046431294 -1.355248638377759 6.311089553582786 Pb 
-0.9197276679432833 -1.3412862198505018 3.026276876444066  I 
-0.8052919572714208 -10.91035741636288 0.011946490587167178  I 
-4.423060343974067 -1.3706109249633749 6.00663221197455  I 
-12.159363810486733 -4.531784160809658 3.458075926311386  N 
-4.203049837732025 -4.532538248389929 2.9470070447503516  C 
-4.231328318691279 -4.532925973436848 1.8527127042350011  H 
-3.6996742560440055 -11.812906352214581 3.3135101914938914  H 
-3.6971142386806104 -3.6333007340642722 3.313626531605456  H 
-12.68554651014419 -11.754515516382382 3.141753214974042  H 
-12.682556468593338 -3.6900079211204426 3.1401331489157838  H 
-12.21306441410578 -10.911037322404196 4.494087993498373  H 
-1.5909487796722206 -1.370643999678698 12.834080947531179 Pb 
-1.110693542972374 -1.3566815811514406 9.549268270392458  I 
-0.9962578323005118 -10.92575277766382 6.53493788453556  I 
-4.61402621900316 -1.386006286264314 12.529623605922945  I 
-12.350329685515824 -4.547179522110598 9.981067320259779  N 
-4.394015712761116 -4.547933609690869 9.469998438698743  C 
-4.4222941937203695 -4.548321334737786 8.375704098183395  H 
-3.8906401310730963 -11.82830171351552 9.836501585442283  H 
-3.8880801137097016 -3.6486960953652106 9.836617925553849  H 
-12.876512385173282 -11.769910877683321 9.664744608922435  H 
-12.87352234362243 -3.7054032824213814 9.663124542864177  H 
-12.40403028913487 -10.926432683705135 11.017079387446765  H 
-1.4020108693640139 -7.736133128341441 6.311089553582786 Pb 
-0.9217556326641676 -7.722170709814185 3.026276876444066  I 
-0.8032639925505365 -4.529472926399197 0.011946490587167178  I 
-4.425088308694954 -7.751495414927058 6.00663221197455  I 
-12.161391775207619 -10.912668650773341 3.458075926311386  N 
-4.2050778024529105 -10.913422738353614 2.9470070447503516  C 
-4.233356283412163 -10.913810463400528 1.8527127042350011  H 
-3.697646291323121 -5.432021862250896 3.3135101914938914  H 
-3.699142203401495 -10.014185224027955 3.313626531605456  H 
-12.683518545423304 -5.373631026418697 3.141753214974042  H 
-12.684584433314223 -10.070892411084126 3.1401331489157838  H 
-12.211036449384894 -4.530152832440512 4.494087993498373  H 
-1.5929767443931049 -7.75152848964238 12.834080947531179 Pb 
-1.1127215076932584 -7.737566071115125 9.549268270392458  I 
-0.9942298675796276 -4.544868287700135 6.53493788453556  I 
-4.616054183724044 -7.766890776227997 12.529623605922945  I 
-12.35235765023671 -10.92806401207428 9.981067320259779  N 
-4.396043677482001 -10.928818099654551 9.469998438698743  C 
-4.424322158441255 -10.929205824701468 8.375704098183395  H 
-3.888612166352212 -5.447417223551834 9.836501585442283  H 
-3.8901080784305866 -10.029580585328894 9.836617925553849  H 
-12.874484420452395 -5.389026387719637 9.664744608922435  H 
-12.875550308343314 -10.086287772385063 9.663124542864177  H 
-12.402002324413985 -4.5455481937414515 11.017079387446765  H 
-7.953871225838418 -1.355248638377759 6.311089553582786 Pb 
-7.47361598913857 -1.3412862198505018 3.026276876444066  I 
-7.3591802784667095 -10.91035741636288 0.011946490587167178  I 
-10.976948665169356 -1.3706109249633749 6.00663221197455  I 
-5.605475489291446 -4.531784160809658 3.458075926311386  N 
-10.756938158927314 -4.532538248389929 2.9470070447503516  C 
-10.785216639886567 -4.532925973436848 1.8527127042350011  H 
-10.253562577239293 -11.812906352214581 3.3135101914938914  H 
-10.2510025598759 -3.6333007340642722 3.313626531605456  H 
-6.131658188948901 -11.754515516382382 3.141753214974042  H 
-6.128668147398052 -3.6900079211204426 3.1401331489157838  H 
-5.659176092910491 -10.911037322404196 4.494087993498373  H 
-8.144837100867507 -1.370643999678698 12.834080947531179 Pb 
-7.664581864167663 -1.3566815811514406 9.549268270392458  I 
-7.550146153495801 -10.92575277766382 6.53493788453556  I 
-11.16791454019845 -1.386006286264314 12.529623605922945  I 
-5.796441364320537 -4.547179522110598 9.981067320259779  N 
-10.947904033956405 -4.547933609690869 9.469998438698743  C 
-10.976182514915656 -4.548321334737786 8.375704098183395  H 
-10.444528452268383 -11.82830171351552 9.836501585442283  H 
-10.441968434904991 -3.6486960953652106 9.836617925553849  H 
-6.322624063977992 -11.769910877683321 9.664744608922435  H 
-6.3196340224271434 -3.7054032824213814 9.663124542864177  H 
-5.8501419679395825 -10.926432683705135 11.017079387446765  H 
-7.9558991905592995 -7.736133128341441 6.311089553582786 Pb 
-7.475643953859454 -7.722170709814185 3.026276876444066  I 
-7.357152313745825 -4.529472926399197 0.011946490587167178  I 
-10.978976629890239 -7.751495414927058 6.00663221197455  I 
-5.607503454012331 -10.912668650773341 3.458075926311386  N 
-10.758966123648197 -10.913422738353614 2.9470070447503516  C 
-10.787244604607451 -10.913810463400528 1.8527127042350011  H 
-10.251534612518409 -5.432021862250896 3.3135101914938914  H 
-10.253030524596783 -10.014185224027955 3.313626531605456  H 
-6.129630224228017 -5.373631026418697 3.141753214974042  H 
-6.130696112118937 -10.070892411084126 3.1401331489157838  H 
-5.657148128189608 -4.530152832440512 4.494087993498373  H 
-8.14686506558839 -7.75152848964238 12.834080947531179 Pb 
-7.666609828888546 -7.737566071115125 9.549268270392458  I 
-7.548118188774916 -4.544868287700135 6.53493788453556  I 
-11.16994250491933 -7.766890776227997 12.529623605922945  I 
-5.798469329041421 -10.92806401207428 9.981067320259779  N 
-10.94993199867729 -10.928818099654551 9.469998438698743  C 
-10.978210479636541 -10.929205824701468 8.375704098183395  H 
-10.4425004875475 -5.447417223551834 9.836501585442283  H 
-10.443996399625874 -10.029580585328894 9.836617925553849  H 
-6.3205960992571075 -5.389026387719637 9.664744608922435  H 
-6.321661987148029 -10.086287772385063 9.663124542864177  H 
-5.848114003218699 -4.5455481937414515 11.017079387446765  H 
