          96 angstroem
  -13.107776642390576       -4.0559294417686995E-003  -12.761768979927366     
 -0.38193175005818253       -3.0790722601877821E-002   13.045982787896785     
  -3.2521032761224720       -3.2073690098571017        6.3110895535827858      Pb
  -2.7718480394226259       -3.1934065913298446        3.0262768764440660       I
  -2.6533563993089948       -7.0880791485607598E-004   1.1946490587167178E-002  I
  -6.2751807154534109       -3.2227312964427179        6.0066322119745497       I
 -0.90370753957550043       -6.3839045322890007        3.4580759263113858       N
  -6.0551702092113677       -6.3846586198692714        2.9470070447503511       C
  -6.0834486901706217       -6.3850463449161907        1.8527127042350011       H
  -5.5477386980815790      -0.90325774376655565        3.3135101914938914       H
  -5.5492346101599530       -5.4854211055436144        3.3136265316054554       H
  -1.4258343097911865      -0.84486690793435759        3.1417532149740421       H
  -1.4269001976821059       -5.5421282925997852        3.1401331489157838       H
 -0.95335221375277746       -1.3887139561717418E-003   4.4940879934983728       H
  -3.4430691511515632       -3.2227643711580409        12.834080947531179      Pb
  -2.9628139144517172       -3.2088019526307834        9.5492682703924583       I
  -2.8443222743380860       -1.6104169215794988E-002   6.5349378845355597       I
  -6.4661465904825022       -3.2381266577436567        12.529623605922943       I
  -1.0946734146045918       -6.3992998935899399        9.9810673202597791       N
  -6.2461360842404590       -6.4000539811702106        9.4699984386987435       C
  -6.2744145651997121       -6.4004417062171299        8.3757040981833946       H
  -5.7387045731106703      -0.91865310506749454        9.8365015854422833       H
  -5.7402004851890442       -5.5008164668445527        9.8366179255538491       H
  -1.6168001848202778      -0.86026226923529647        9.6647446089224349       H
  -1.6178660727111971       -5.5575236539007236        9.6631245428641765       H
  -1.1443180887818689       -1.6784075257110651E-002   11.017079387446765       H
  -3.2541312408433565       -9.5882534998207838        6.3110895535827858      Pb
  -2.7738760041435104       -9.5742910812935289        3.0262768764440660       I
  -2.6553843640298793       -6.3815932978785392        1.1946490587167178E-002  I
  -6.2772086801742963       -9.6036157864064009        6.0066322119745497       I
 -0.90573550429638483       -12.764789022252684        3.4580759263113858       N
  -6.0571981739322522       -12.765543109832954        2.9470070447503511       C
  -6.0854766548915062       -12.765930834879873        1.8527127042350011       H
  -5.5497666628024644       -7.2841422337302388        3.3135101914938914       H
  -5.5512625748808384       -11.866305595507299        3.3136265316054554       H
  -1.4278622745120708       -7.2257513978980414        3.1417532149740421       H
  -1.4289281624029901       -11.923012782563468        3.1401331489157838       H
 -0.95538017847366186       -6.3822732039198558        4.4940879934983728       H
  -3.4450971158724477       -9.6036488611217230        12.834080947531179      Pb
  -2.9648418791726012       -9.5896864425944663        9.5492682703924583       I
  -2.8463502390589701       -6.3969886591794776        6.5349378845355597       I
  -6.4681745552033876       -9.6190111477073401        12.529623605922943       I
  -1.0967013793254761       -12.780184383553623        9.9810673202597791       N
  -6.2481640489613435       -12.780938471133894        9.4699984386987435       C
  -6.2764425299205975       -12.781326196180812        8.3757040981833946       H
  -5.7407325378315548       -7.2995375950311772        9.8365015854422833       H
  -5.7422284499099288       -11.881700956808237        9.8366179255538491       H
  -1.6188281495411623       -7.2411467591989798        9.6647446089224349       H
  -1.6198940374320816       -11.938408143864407        9.6631245428641765       H
  -1.1463460535027532       -6.3976685652207941        11.017079387446765       H
  -9.8059915973177585       -3.2073690098571017        6.3110895535827858      Pb
  -9.3257363606179133       -3.1934065913298446        3.0262768764440660       I
  -9.2072447205042831       -7.0880791485607598E-004   1.1946490587167178E-002  I
  -12.829069036648699       -3.2227312964427179        6.0066322119745497       I
  -7.4575958607707884       -6.3839045322890007        3.4580759263113858       N
  -12.609058530406655       -6.3846586198692714        2.9470070447503511       C
  -12.637337011365908       -6.3850463449161907        1.8527127042350011       H
  -12.101627019276867      -0.90325774376655565        3.3135101914938914       H
  -12.103122931355243       -5.4854211055436144        3.3136265316054554       H
  -7.9797226309864753      -0.84486690793435759        3.1417532149740421       H
  -7.9807885188773948       -5.5421282925997852        3.1401331489157838       H
  -7.5072405349480649       -1.3887139561717418E-003   4.4940879934983728       H
  -9.9969574723468497       -3.2227643711580409        12.834080947531179      Pb
  -9.5167022356470046       -3.2088019526307834        9.5492682703924583       I
  -9.3982105955333743       -1.6104169215794988E-002   6.5349378845355597       I
  -13.020034911677790       -3.2381266577436567        12.529623605922943       I
  -7.6485617357998796       -6.3992998935899399        9.9810673202597791       N
  -12.800024405435746       -6.4000539811702106        9.4699984386987435       C
  -12.828302886394999       -6.4004417062171299        8.3757040981833946       H
  -12.292592894305958      -0.91865310506749454        9.8365015854422833       H
  -12.294088806384334       -5.5008164668445527        9.8366179255538491       H
  -8.1706885060155656      -0.86026226923529647        9.6647446089224349       H
  -8.1717543939064861       -5.5575236539007236        9.6631245428641765       H
  -7.6982064099771561       -1.6784075257110651E-002   11.017079387446765       H
  -9.8080195620386430       -9.5882534998207838        6.3110895535827858      Pb
  -9.3277643253387978       -9.5742910812935289        3.0262768764440660       I
  -9.2092726852251676       -6.3815932978785392        1.1946490587167178E-002  I
  -12.831097001369582       -9.6036157864064009        6.0066322119745497       I
  -7.4596238254916738       -12.764789022252684        3.4580759263113858       N
  -12.611086495127539       -12.765543109832954        2.9470070447503511       C
  -12.639364976086792       -12.765930834879873        1.8527127042350011       H
  -12.103654983997751       -7.2841422337302388        3.3135101914938914       H
  -12.105150896076125       -11.866305595507299        3.3136265316054554       H
  -7.9817505957073598       -7.2257513978980414        3.1417532149740421       H
  -7.9828164835982793       -11.923012782563468        3.1401331489157838       H
  -7.5092684996689503       -6.3822732039198558        4.4940879934983728       H
  -9.9989854370677342       -9.6036488611217230        12.834080947531179      Pb
  -9.5187302003678873       -9.5896864425944663        9.5492682703924583       I
  -9.4002385602542589       -6.3969886591794776        6.5349378845355597       I
  -13.022062876398673       -9.6190111477073401        12.529623605922943       I
  -7.6505897005207650       -12.780184383553623        9.9810673202597791       N
  -12.802052370156630       -12.780938471133894        9.4699984386987435       C
  -12.830330851115884       -12.781326196180812        8.3757040981833946       H
  -12.294620859026843       -7.2995375950311772        9.8365015854422833       H
  -12.296116771105217       -11.881700956808237        9.8366179255538491       H
  -8.1727164707364501       -7.2411467591989798        9.6647446089224349       H
  -8.1737823586273706       -11.938408143864407        9.6631245428641765       H
  -7.7002343746980406       -6.3976685652207941        11.017079387446765       H
