96 
12.62447017924491 -0.0 -12.89542999990893 
-0.8377120378472651 -0.0 -12.596645817370979 
4.807026199223652 -4.595589628543885 -1.5704105548156138 Pb 
4.3801774439401235 -4.595589628543885 -7.859743433303659 Pb 
4.807026199223652 -11.043309628429588 -1.5704105548156138 Pb 
4.3801774439401235 -11.043309628429588 -7.859743433303659 Pb 
5.292660976409659 -1.3717396285164258 -1.946522178766194  I 
10.784636047430107 -1.3717396285164258 -1.0694672719653164  I 
4.723235232046712 -7.819449628751324 -8.369265213511103  I 
4.322271042441797 -7.819449628751324 -1.1934758647004127  I 
4.918540229887087 -4.294059628725159 -11.06932664871008  I 
7.973804468023653 -4.8971296287542625 -2.320569409476212  I 
9.751619011587906 -10.741769628748386 -10.966051654281939  I 
7.534066811453168 -11.344839628428234 -7.118163076000206  I 
9.751619011587906 -4.8971296287542625 -10.966051654281939  I 
7.534066811453168 -4.294059628725159 -7.118163076000206  I 
4.918540229887087 -11.344839628428234 -11.06932664871008  I 
7.973804468023653 -10.741769628748386 -2.320569409476212  I 
6.967307354437453 -1.3717396285164258 -11.565050545463302  N 
0.46071809416208703 -1.3717396285164258 -11.3569085142239  N 
7.702859188892776 -7.819449628751324 -10.470320924775985  N 
1.584970967936926 -7.819449628751324 -10.67846978831824  N 
7.601972176916635 -1.3717396285164258 -10.21571668180795  C 
1.832326884232363 -1.3717396285164258 -10.796022186279057  C 
7.068187064684214 -7.819449628751324 -11.819661620776419  C 
0.21336217768678237 -7.819449628751324 -11.239356116380659  C 
6.812441511311727 -1.3717396285164258 -9.457615593708228  H 
8.218891928893376 -0.47305962853497197 -10.119321959258416  H 
8.218891928893376 -2.27041962849788 -10.119321959258416  H 
7.690772365473315 -1.3717396285164258 -12.314193613537679  H 
6.362907107458208 -0.5308196285341596 -11.67985981656408  H 
6.362907107458208 -2.212649628530382 -11.67985981656408  H 
2.5363595487239645 -1.3717396285164258 -11.634124274243408  H 
1.9694383096734847 -2.27041962849788 -10.186865347859138  H 
1.9694383096734847 -0.47305962853497197 -10.186865347859138  H 
-0.23876746195561968 -1.3717396285164258 -10.585327724486  H 
7.020721976898333 -0.5308196285341596 -5.636466917307627  H 
7.020721976898333 -2.212649628530382 -5.636466917307627  H 
7.857717729948816 -7.819449628751324 -12.577762708977152  H 
6.45126731240084 -6.920769628452365 -11.916056343540403  H 
6.45126731240084 -8.718129628521107 -11.916056343540403  H 
6.979394177859395 -7.819449628751324 -9.721177856626815  H 
8.30725213394944 -8.660369628574838 -10.355518486201063  H 
8.30725213394944 -6.978529628398634 -10.355518486201063  H 
-0.49067048644778677 -7.819449628751324 -10.401254028488069  H 
0.07625075272056439 -8.718129628521107 -11.848512954998302  H 
0.07625075272056439 -6.920769628452365 -11.848512954998302  H 
2.284456524309078 -7.819449628751324 -11.450050578173164  H 
8.487149302197496 -8.660369628574838 -3.8022655679165256  H 
8.487149302197496 -6.978529628398634 -3.8022655679165256  H 
10.700845080265589 -4.595589628543885 -7.868321930286825 Pb 
11.111708362481561 -4.595589628543885 -1.561008991729294 Pb 
10.700845080265589 -11.043309628429588 -7.868321930286825 Pb 
11.111708362481561 -11.043309628429588 -1.561008991729294 Pb 
11.186479857347267 -1.3717396285164258 -8.244433554335027  I 
4.0539847488793725 -1.3717396285164258 -7.36737864776193  I 
11.454766150704074 -7.819449628751324 -2.0705307718282677  I 
10.215210302797507 -7.819449628751324 -7.492210306600182  I 
11.650071148737645 -4.294059628725159 -4.770592206846469  I 
1.2431531696274751 -4.8971296287542625 -8.6184807851282  I 
3.858679751232196 -10.741769628748386 -4.667317212382171  I 
1.6411275510974572 -11.344839628428234 -0.8194286341004361  I 
3.858679751232196 -4.8971296287542625 -4.667317212382171  I 
1.6411275510974572 -4.294059628725159 -0.8194286341004361  I 
11.650071148737645 -11.344839628428234 -4.770592206846469  I 
1.2431531696274751 -10.741769628748386 -8.6184807851282  I 
1.0743680939271822 -1.3717396285164258 -5.266316103708159  N 
7.192249013051287 -1.3717396285164258 -5.058174072324132  N 
1.8099199284211467 -7.819449628751324 -4.171586482984686  N 
8.316501886632926 -7.819449628751324 -4.379735346599252  N 
1.7090329161745257 -1.3717396285164258 -3.916982240269736  C 
8.563857803082923 -1.3717396285164258 -4.497287744415445  C 
1.1752478040193834 -7.819449628751324 -5.520927179165899  C 
6.94489309657598 -7.819449628751324 -4.940621674480892  C 
0.9195022509560166 -1.3717396285164258 -3.15888115180846  H 
2.325952668537666 -0.47305962853497197 -3.8205875173586463  H 
2.325952668537666 -2.27041962849788 -3.8205875173586463  H 
1.7978331050403267 -1.3717396285164258 -6.015459171710223  H 
0.4699678469865791 -0.5308196285341596 -5.381125374772782  H 
0.4699678469865791 -2.212649628530382 -5.381125374772782  H 
9.267890467419962 -1.3717396285164258 -5.3353898325244185  H 
8.70096922836948 -2.27041962849788 -3.8881309061401477  H 
8.70096922836948 -0.47305962853497197 -3.8881309061401477  H 
6.492763456547177 -1.3717396285164258 -4.28659328294779  H 
0.290070678695357 -0.5308196285341596 -11.934378292778833  H 
0.290070678695357 -2.212649628530382 -11.934378292778833  H 
1.9647784695158264 -7.819449628751324 -6.279028267149698  H 
0.5583280520064903 -6.920769628452365 -5.6173219016767915  H 
0.5583280520064903 -8.718129628521107 -5.6173219016767915  H 
1.0864549172718487 -7.819449628751324 -3.422443414943982  H 
2.4143128735937327 -8.660369628574838 -4.056784044301296  H 
2.4143128735937327 -6.978529628398634 -4.056784044301296  H 
6.240860432441412 -7.819449628751324 -4.1025195865883  H 
6.807781671609762 -8.718129628521107 -5.549778513098535  H 
6.807781671609762 -6.920769628452365 -5.549778513098535  H 
9.015987442927797 -7.819449628751324 -5.151316136526487  H 
1.756498003878605 -8.660369628574838 -10.100176943496203  H 
1.756498003878605 -6.978529628398634 -10.100176943496203  H 
