96 
12.62447017924491 -0.0 -12.89542999990893 
-0.8377120378472651 -0.0 -12.596645817370979 
2.95490582774431 -6.447710000023228 -3.1579423017979074 Pb 
2.5280570724607805 -6.447710000023228 -9.447275180285953 Pb 
2.95490582774431 0.0 -3.1579423017979074 Pb 
2.5280570724607805 0.0 -9.447275180285953 Pb 
3.4405406049303164 -3.2238599999957684 -3.5340539257484878  I 
8.932515675950762 -3.2238599999957684 -2.65699901894761  I 
2.8711148605673698 -9.671570000230666 -9.956796960493394  I 
2.470150670962455 -9.671570000230666 -2.781007611682706  I 
3.9041318962550093 -6.1461800002045015 -0.06021257832139524  I 
6.121684096544309 -6.749250000233605 -3.908101156458505  I 
7.899498640108563 -12.593890000227729 -12.553583401264232  I 
5.681946439973824 -0.3015299999986464 -8.7056948229825  I 
7.899498640108563 -6.749250000233605 -12.553583401264232  I 
5.681946439973824 -6.1461800002045015 -8.7056948229825  I 
3.9041318962550093 -0.3015299999986464 -0.06021257832139524  I 
6.121684096544309 -12.593890000227729 -3.908101156458505  I 
5.952899020805374 -3.2238599999957684 -0.5559364750746187  N 
12.07077993977492 -3.2238599999957684 -0.34779444383521435  N 
5.850738817413434 -9.671570000230666 -12.05785267175828  N 
-0.26714940354241673 -9.671570000230666 -12.266001535300534  N 
5.749851805437292 -3.2238599999957684 -11.80324842879024  C 
-0.019793487246979703 -3.2238599999957684 -12.383553933261348  C 
6.0537787310521365 -9.671570000230666 -0.8105475503877361  C 
11.823424023299612 -9.671570000230666 -0.23024204599197326  C 
4.960321139832384 -3.2238599999957684 -11.045147340690521  H 
6.366771557414031 -2.325180000014315 -11.706853706240707  H 
6.366771557414031 -4.1225399999772225 -11.706853706240707  H 
6.676364031841238 -3.2238599999957684 -1.3050795431489939  H 
5.348498773826131 -2.382940000013502 -0.6707457461753974  H 
5.348498773826131 -4.064770000009725 -0.6707457461753974  H 
1.5219512150918866 -3.2238599999957684 -0.6250102038547242  H 
0.11731793819414163 -4.1225399999772225 -11.774397094841431  H 
0.11731793819414163 -2.325180000014315 -11.774397094841431  H 
10.533582345809947 -3.2238599999957684 -12.172859471468293  H 
5.168601605418989 -2.382940000013502 -7.223998664289921  H 
5.168601605418989 -4.064770000009725 -7.223998664289921  H 
6.843309396316737 -9.671570000230666 -1.568648638588469  H 
5.436858978768762 -8.772889999931706 -0.9069422731517182  H 
5.436858978768762 -10.57025000000045 -0.9069422731517182  H 
5.127273806380052 -9.671570000230666 -11.308709603609108  H 
6.4551317624700975 -10.51249000005418 -11.943050233183357  H 
6.4551317624700975 -8.830649999877977 -11.943050233183357  H 
10.281679321317778 -9.671570000230666 -11.988785775470362  H 
11.686312598333393 -10.57025000000045 -0.8393988846096184  H 
11.686312598333393 -8.772889999931706 -0.8393988846096184  H 
1.2700481906770003 -9.671570000230666 -0.44093650778447985  H 
6.635028930718154 -10.51249000005418 -5.38979731489882  H 
6.635028930718154 -8.830649999877977 -5.38979731489882  H 
8.848724708786245 -6.447710000023228 -9.455853677269118 Pb 
9.259587991002219 -6.447710000023228 -3.1485407387115876 Pb 
8.848724708786245 0.0 -9.455853677269118 Pb 
9.259587991002219 0.0 -3.1485407387115876 Pb 
9.334359485867923 -3.2238599999957684 -9.83196530131732  I 
2.2018643774000295 -3.2238599999957684 -8.954910394744223  I 
9.60264577922473 -9.671570000230666 -3.658062518810561  I 
8.363089931318164 -9.671570000230666 -9.079742053582475  I 
9.797950777258302 -6.1461800002045015 -6.358123953828762  I 
-0.6089672018518676 -6.749250000233605 -10.206012532110496  I 
2.0065593797528525 -12.593890000227729 -6.254848959364464  I 
12.413477358863023 -0.3015299999986464 -2.4069603810827296  I 
2.0065593797528525 -6.749250000233605 -6.254848959364464  I 
12.413477358863023 -6.1461800002045015 -2.4069603810827296  I 
9.797950777258302 -0.3015299999986464 -6.358123953828762  I 
-0.6089672018518676 -12.593890000227729 -10.206012532110496  I 
11.846717901692745 -3.2238599999957684 -6.853847850690452  N 
5.340128641571942 -3.2238599999957684 -6.645705819306426  N 
-0.042200443058196556 -9.671570000230666 -5.759118229966979  N 
6.464381515153584 -9.671570000230666 -5.967267093581545  N 
-0.1430874553048168 -3.2238599999957684 -5.504513987252029  C 
6.71173743160358 -3.2238599999957684 -6.084819491397738  C 
11.947597611784952 -9.671570000230666 -7.108458926148193  C 
5.092772725096636 -9.671570000230666 -6.528153421463186  C 
11.691852058721583 -3.2238599999957684 -4.746412898790753  H 
0.4738322970583228 -2.325180000014315 -5.40811926434094  H 
0.4738322970583228 -4.1225399999772225 -5.40811926434094  H 
-0.054287266439016595 -3.2238599999957684 -7.602990918692517  H 
11.242317654752146 -2.382940000013502 -6.968657121755075  H 
11.242317654752146 -4.064770000009725 -6.968657121755075  H 
7.41577009594062 -3.2238599999957684 -6.9229215795067125  H 
6.84884885689014 -4.1225399999772225 -5.475662653122441  H 
6.84884885689014 -2.325180000014315 -5.475662653122441  H 
4.640643085067834 -3.2238599999957684 -5.8741250299300845  H 
11.900132524308189 -2.382940000013502 -0.9252642223901496  H 
11.900132524308189 -4.064770000009725 -0.9252642223901496  H 
0.11265809803648333 -9.671570000230666 -7.866560014131992  H 
11.330677859772056 -8.772889999931706 -7.2048536486590855  H 
11.330677859772056 -10.57025000000045 -7.2048536486590855  H 
11.858804725037414 -9.671570000230666 -5.009975161926276  H 
0.56219250211439 -10.51249000005418 -5.6443157912835895  H 
0.56219250211439 -8.830649999877977 -5.6443157912835895  H 
4.3887400609620695 -9.671570000230666 -5.690051333570593  H 
4.955661300130418 -10.57025000000045 -7.137310260080829  H 
4.955661300130418 -8.772889999931706 -7.137310260080829  H 
7.163867071448453 -9.671570000230666 -6.738847883508781  H 
-0.09562236760073803 -10.51249000005418 -11.687708690478498  H 
-0.09562236760073803 -8.830649999877977 -11.687708690478498  H 
