96 
18.437739999999998 0.0 12.895430000000001 
-0.0 -0.0 8.64964 
1.3229431224852448 8.299830371479342 5.912351746982294 Pb 
5.932383122485246 8.299830371479342 1.5875317469822934 Pb 
1.3229431224852448 1.8521203714793426 5.912351746982294 Pb 
5.932383122485246 1.8521203714793426 1.5875317469822934 Pb 
1.420573122485245 5.075980371479343 6.518791746982293  I 
6.030003122485245 5.075980371479343 0.9810917469822935  I 
5.834753122485244 11.523690371479342 2.1939717469822937  I 
1.2253131224852447 11.523690371479342 5.305911746982294  I 
4.132563122485245 7.998300371479342 4.298971746982294  I 
3.1227531224852445 8.601370371479343 8.623791746982294  I 
7.732193122485245 1.5505803714793434 7.525731746982293  I 
8.742003122485244 2.1536503714793427 3.200911746982293  I 
7.732193122485245 8.601370371479343 7.525731746982293  I 
8.742003122485244 7.998300371479342 3.200911746982293  I 
4.132563122485245 2.1536503714793427 4.298971746982294  I 
3.1227531224852445 1.5505803714793434 8.623791746982294  I 
5.289853122485245 5.075980371479343 6.060751746982294  N 
9.899283122485244 5.075980371479343 1.4391317469822928  N 
6.5749131224852455 11.523690371479342 5.763951746982294  N 
1.9654731224852449 11.523690371479342 1.735931746982294  N 
6.675203122485245 5.075980371479343 5.509111746982294  C 
2.0657731224852447 5.075980371479343 1.9907717469822936  C 
5.189553122485247 11.523690371479342 6.315591746982293  C 
9.798983122485243 11.523690371479342 1.1842917469822936  C 
6.616663122485246 5.075980371479343 4.416111746982294  H 
7.191533122485246 4.177300371479342 5.860231746982294  H 
7.191533122485246 5.9746603714793425 5.860231746982294  H 
5.306273122485245 5.075980371479343 7.102071746982293  H 
4.770083122485245 4.235060371479343 5.731631746982293  H 
4.770083122485245 5.916890371479343 5.731631746982293  H 
2.007223122485245 5.075980371479343 3.083771746982293  H 
2.582093122485245 5.9746603714793425 1.6396517469822935  H 
2.582093122485245 4.177300371479342 1.6396517469822935  H 
9.915703122485246 5.075980371479343 0.3978117469822955  H 
9.379523122485244 4.235060371479343 1.7682517469822934  H 
9.379523122485244 5.916890371479343 1.7682517469822934  H 
5.248093122485245 11.523690371479342 7.408591746982293  H 
4.673223122485245 10.625010371479343 5.964471746982293  H 
4.673223122485245 12.422370371479342 5.964471746982293  H 
6.5584931224852445 11.523690371479342 4.722631746982294  H 
7.094673122485246 12.364610371479342 6.093071746982293  H 
7.094673122485246 10.682770371479343 6.093071746982293  H 
9.857533122485243 11.523690371479342 0.09129174698229293  H 
9.282663122485245 12.422370371479342 1.5354117469822937  H 
9.282663122485245 10.625010371479343 1.5354117469822937  H 
1.9490531224852448 11.523690371479342 2.7772517469822935  H 
2.4852331224852446 12.364610371479342 1.4068117469822932  H 
2.4852331224852446 10.682770371479343 1.4068117469822932  H 
10.541813122485244 8.299830371479342 5.912351746982294 Pb 
15.151253122485246 8.299830371479342 1.5875317469822934 Pb 
10.541813122485244 1.8521203714793426 5.912351746982294 Pb 
15.151253122485246 1.8521203714793426 1.5875317469822934 Pb 
10.639443122485245 5.075980371479343 6.518791746982293  I 
15.248873122485245 5.075980371479343 0.9810917469822935  I 
15.053623122485243 11.523690371479342 2.1939717469822937  I 
10.444183122485244 11.523690371479342 5.305911746982294  I 
13.351433122485243 7.998300371479342 4.298971746982294  I 
12.341623122485245 8.601370371479343 8.623791746982294  I 
16.951063122485248 1.5505803714793434 7.525731746982293  I 
17.960873122485243 2.1536503714793427 3.200911746982293  I 
16.951063122485248 8.601370371479343 7.525731746982293  I 
17.960873122485243 7.998300371479342 3.200911746982293  I 
13.351433122485243 2.1536503714793427 4.298971746982294  I 
12.341623122485245 1.5505803714793434 8.623791746982294  I 
14.508723122485245 5.075980371479343 6.060751746982294  N 
0.680413122485243 5.075980371479343 1.4391317469822928  N 
15.793783122485245 11.523690371479342 5.763951746982294  N 
11.184343122485245 11.523690371479342 1.735931746982294  N 
15.894073122485244 5.075980371479343 5.509111746982294  C 
11.284643122485246 5.075980371479343 1.9907717469822936  C 
14.408423122485246 11.523690371479342 6.315591746982293  C 
0.5801131224852425 11.523690371479342 1.1842917469822936  C 
15.835533122485245 5.075980371479343 4.416111746982294  H 
16.410403122485246 4.177300371479342 5.860231746982294  H 
16.410403122485246 5.9746603714793425 5.860231746982294  H 
14.525143122485245 5.075980371479343 7.102071746982293  H 
13.988953122485244 4.235060371479343 5.731631746982293  H 
13.988953122485244 5.916890371479343 5.731631746982293  H 
11.226093122485246 5.075980371479343 3.083771746982293  H 
11.800963122485244 5.9746603714793425 1.6396517469822935  H 
11.800963122485244 4.177300371479342 1.6396517469822935  H 
0.6968331224852443 5.075980371479343 0.3978117469822955  H 
0.16065312248524297 4.235060371479343 1.7682517469822934  H 
0.16065312248524297 5.916890371479343 1.7682517469822934  H 
14.466963122485245 11.523690371479342 7.408591746982293  H 
13.892093122485244 10.625010371479343 5.964471746982293  H 
13.892093122485244 12.422370371479342 5.964471746982293  H 
15.777363122485243 11.523690371479342 4.722631746982294  H 
16.313543122485246 12.364610371479342 6.093071746982293  H 
16.313543122485246 10.682770371479343 6.093071746982293  H 
0.638663122485245 11.523690371479342 0.09129174698229293  H 
0.06379312248524534 12.422370371479342 1.5354117469822937  H 
0.06379312248524534 10.625010371479343 1.5354117469822937  H 
11.167923122485247 11.523690371479342 2.7772517469822935  H 
11.704103122485245 12.364610371479342 1.4068117469822932  H 
11.704103122485245 10.682770371479343 1.4068117469822932  H 
