          96 angstroem
   18.437739999999998        0.0000000000000000        12.895430000000001     
  -0.0000000000000000       -0.0000000000000000        8.6496399999999998     
   0.0000000000000000        6.4477099999999998        4.3248199999999999      Pb
   4.6094400000000002        6.4477099999999998        0.0000000000000000      Pb
   0.0000000000000000        0.0000000000000000        4.3248199999999999      Pb
   4.6094400000000002        0.0000000000000000        0.0000000000000000      Pb
   9.7629999999999995E-002   3.2238600000000002        4.9312600000000000       I
   4.7070600000000002        3.2238600000000002        8.0432000000000006       I
   4.5118099999999997        9.6715699999999991       0.60643999999999998       I
  -9.7629999999999995E-002   9.6715699999999991        3.7183799999999998       I
   2.8096200000000002        6.1461800000000002        2.7114400000000001       I
   1.7998099999999999        6.7492500000000000        7.0362600000000013       I
   6.4092500000000001        12.593890000000000        5.9382000000000001       I
   7.4190600000000000       0.30153000000000002        1.6133800000000000       I
   6.4092500000000001        6.7492500000000000        5.9382000000000001       I
   7.4190600000000000        6.1461800000000002        1.6133800000000000       I
   2.8096200000000002       0.30153000000000002        2.7114400000000001       I
   1.7998099999999999        12.593890000000000        7.0362600000000013       I
   3.9669099999999999        3.2238600000000002        4.4732200000000004       N
   8.5763400000000001        3.2238600000000002        8.5012399999999992       N
   5.2519700000000000        9.6715699999999991        4.1764200000000002       N
  0.64253000000000005        9.6715699999999991       0.14840000000000000       N
   5.3522600000000002        3.2238600000000002        3.9215800000000001       C
  0.74282999999999999        3.2238600000000002       0.40323999999999999       C
   3.8666100000000005        9.6715699999999991        4.7280600000000002       C
   8.4760399999999994        9.6715699999999991        8.2463999999999995       C
   5.2937200000000004        3.2238600000000002        2.8285800000000001       H
   5.8685900000000002        2.3251800000000000        4.2727000000000004       H
   5.8685900000000002        4.1225399999999999        4.2727000000000004       H
   3.9833300000000000        3.2238600000000002        5.5145400000000002       H
   3.4471400000000001        2.3829400000000001        4.1440999999999999       H
   3.4471400000000001        4.0647700000000002        4.1440999999999999       H
  0.68428000000000000        3.2238600000000002        1.4962400000000000       H
   1.2591500000000000        4.1225399999999999        5.2120000000000007E-002  H
   1.2591500000000000        2.3251800000000000        5.2120000000000007E-002  H
   8.5927600000000002        3.2238600000000002        7.4599200000000003       H
   8.0565800000000003        2.3829400000000001       0.18071999999999999       H
   8.0565800000000003        4.0647700000000002       0.18071999999999999       H
   3.9251499999999999        9.6715699999999991        5.8210600000000001       H
   3.3502800000000001        8.7728900000000003        4.3769400000000003       H
   3.3502800000000001        10.570250000000000        4.3769400000000003       H
   5.2355499999999999        9.6715699999999991        3.1351000000000000       H
   5.7717299999999998        10.512490000000000        4.5055399999999999       H
   5.7717299999999998        8.8306500000000003        4.5055399999999999       H
   8.5345899999999997        9.6715699999999991        7.1534000000000004       H
   7.9597199999999999        10.570250000000000       -5.2120000000000007E-002  H
   7.9597199999999999        8.7728900000000003       -5.2120000000000007E-002  H
  0.62611000000000006        9.6715699999999991        1.1897200000000001       H
   1.1622900000000000        10.512490000000000        8.4689200000000007       H
   1.1622900000000000        8.8306500000000003        8.4689200000000007       H
   9.2188699999999990        6.4477099999999998        4.3248199999999999      Pb
   13.828310000000002        6.4477099999999998        0.0000000000000000      Pb
   9.2188699999999990        0.0000000000000000        4.3248199999999999      Pb
   13.828310000000002        0.0000000000000000        0.0000000000000000      Pb
   9.3164999999999996        3.2238600000000002        4.9312600000000000       I
   13.925930000000001        3.2238600000000002        8.0432000000000006       I
   13.730680000000000        9.6715699999999991       0.60643999999999998       I
   9.1212400000000002        9.6715699999999991        3.7183799999999998       I
   12.028490000000000        6.1461800000000002        2.7114400000000001       I
   11.018680000000000        6.7492500000000000        7.0362600000000013       I
   15.628120000000001        12.593890000000000        5.9382000000000001       I
   16.637930000000001       0.30153000000000002        1.6133800000000000       I
   15.628120000000001        6.7492500000000000        5.9382000000000001       I
   16.637930000000001        6.1461800000000002        1.6133800000000000       I
   12.028490000000000       0.30153000000000002        2.7114400000000001       I
   11.018680000000000        12.593890000000000        7.0362600000000013       I
   13.185780000000001        3.2238600000000002        4.4732200000000004       N
   17.795210000000001        3.2238600000000002        8.5012399999999992       N
   14.470840000000001        9.6715699999999991        4.1764200000000002       N
   9.8613999999999997        9.6715699999999991       0.14840000000000000       N
   14.571129999999998        3.2238600000000002        3.9215800000000001       C
   9.9617000000000004        3.2238600000000002       0.40323999999999999       C
   13.085480000000000        9.6715699999999991        4.7280600000000002       C
   17.694910000000000        9.6715699999999991        8.2463999999999995       C
   14.512589999999999        3.2238600000000002        2.8285800000000001       H
   15.087460000000000        2.3251800000000000        4.2727000000000004       H
   15.087460000000000        4.1225399999999999        4.2727000000000004       H
   13.202200000000001        3.2238600000000002        5.5145400000000002       H
   12.666010000000000        2.3829400000000001        4.1440999999999999       H
   12.666010000000000        4.0647700000000002        4.1440999999999999       H
   9.9031500000000001        3.2238600000000002        1.4962400000000000       H
   10.478020000000001        4.1225399999999999        5.2120000000000007E-002  H
   10.478020000000001        2.3251800000000000        5.2120000000000007E-002  H
   17.811629999999997        3.2238600000000002        7.4599200000000003       H
   17.275449999999999        2.3829400000000001       0.18071999999999999       H
   17.275449999999999        4.0647700000000002       0.18071999999999999       H
   13.144019999999999        9.6715699999999991        5.8210600000000001       H
   12.569150000000000        8.7728900000000003        4.3769400000000003       H
   12.569150000000000        10.570250000000000        4.3769400000000003       H
   14.454419999999999        9.6715699999999991        3.1351000000000000       H
   14.990600000000001        10.512490000000000        4.5055399999999999       H
   14.990600000000001        8.8306500000000003        4.5055399999999999       H
   17.753460000000000        9.6715699999999991        7.1534000000000004       H
   17.178590000000000        10.570250000000000       -5.2120000000000007E-002  H
   17.178590000000000        8.7728900000000003       -5.2120000000000007E-002  H
   9.8449800000000014        9.6715699999999991        1.1897200000000001       H
   10.381160000000001        10.512490000000000        8.4689200000000007       H
   10.381160000000001        8.8306500000000003        8.4689200000000007       H
